0.601333,0.496226,0.218500,1.000000,0.108570,0.170900,0.549000,0.458000:3
1.000000,0.556604,0.299600,0.212352,0.484160,0.417400,0.510500,0.493600:3
0.925000,0.498113,0.188800,0.209353,0.326590,0.374650,0.534300,0.470200:0
0.759000,0.596226,0.187300,0.055877,0.227980,0.295450,0.563200,0.443700:8
0.717333,0.636792,0.304400,0.181967,0.163770,0.214850,0.620200,0.396900:7
0.971667,0.557547,0.934400,0.218017,0.130810,0.273400,0.605200,0.406600:8
1.000000,0.555660,0.468600,0.205417,0.123250,0.270700,0.578600,0.431200:8
0.100000,1.000000,0.000500,0.000250,0.000030,0.000150,1.000000,0.000000:1
0.900667,0.666981,0.117700,0.081933,0.732490,0.874400,0.710700,0.314800:3
0.726333,0.562264,0.450700,0.372937,0.760790,1.000000,0.568400,0.437800:3
0.646000,0.602830,0.145100,0.172943,1.000000,1.000000,0.614700,0.396100:3
0.725667,0.666981,0.354500,0.124780,0.187170,0.293700,0.606700,0.404100:6
0.640000,0.650943,0.515300,0.149000,0.357600,0.456700,0.599700,0.404800:6
0.770000,0.551887,0.701400,0.221978,1.000000,1.000000,0.539700,0.468400:8
0.726667,0.583019,0.972300,0.168805,0.243080,0.386800,0.556900,0.451200:4
1.000000,0.634906,0.494800,0.161827,0.669960,0.724050,0.687900,0.331700:6
0.875667,0.518868,0.238500,0.043013,0.100650,0.158850,0.494100,0.510900:0
0.700000,0.555660,0.801200,0.116255,0.118580,0.238800,0.540000,0.464200:0
0.864000,0.545283,0.948700,0.164670,0.405090,0.487450,0.504500,0.500800:0
0.794000,0.603774,0.380600,0.383548,0.391220,0.503550,0.565600,0.449900:7
0.798000,0.578302,0.736900,0.555573,1.000000,1.000000,0.666300,0.348300:1
0.689333,0.566038,0.527900,0.148565,0.543750,0.583750,0.575600,0.433300:1
0.564333,0.562264,0.898100,0.526867,0.474180,0.591900,0.593900,0.420200:8
0.731333,0.534906,0.297500,0.166712,0.510140,0.722350,0.562000,0.440000:0
0.586000,0.497170,0.299400,0.320732,0.692780,0.710150,0.518800,0.485600:1
0.693000,0.521698,0.318900,0.256103,0.645380,0.723750,0.553200,0.452800:1
0.529333,0.477358,0.351000,0.184443,0.520130,0.506400,0.507800,0.496000:1
0.469000,0.486792,0.208100,0.210913,0.265750,0.343300,0.544000,0.461400:1
0.744667,0.483019,0.172200,0.171670,0.638610,0.593400,0.491300,0.510800:1
0.482667,0.466981,0.256300,0.329167,0.592500,0.565700,0.513300,0.489500:1
0.558667,0.494340,0.151500,0.085677,0.082250,0.132050,0.539800,0.462600:1
0.753667,0.508491,0.306200,0.347000,0.249840,0.331850,0.512600,0.495400:1
0.467333,0.481132,0.300300,0.396640,0.880540,0.852650,0.519700,0.484500:1
0.559667,0.502830,0.243200,0.116685,0.196030,0.263850,0.525500,0.477600:1
0.523000,0.487736,0.306600,0.338368,0.588760,0.538250,0.495200,0.505700:0
0.952667,0.519811,0.768900,0.214433,0.385980,0.474950,0.504900,0.497700:8
0.698333,0.572642,0.446000,0.059780,0.760400,1.000000,0.625000,0.391700:8
1.000000,0.464151,0.056700,0.243402,0.248270,0.308600,0.508100,0.500000:3
0.882333,0.500943,0.462300,0.079693,0.181700,0.260700,0.501700,0.501900:4
0.695000,0.578302,0.768100,0.104707,0.772740,0.885250,0.560100,0.445300:4
0.788667,0.520755,1.000000,0.102057,0.398020,0.473050,0.524800,0.483300:4
0.393000,0.508491,0.664200,0.098500,0.230490,0.341850,0.549200,0.453200:8
0.880667,0.547170,0.233200,0.045308,0.182140,0.251600,0.534100,0.471000:4
0.682000,0.487736,0.382100,0.093000,0.351540,0.419550,0.518200,0.486400:4
0.616333,0.500943,0.557500,0.270782,0.682370,0.747850,0.501000,0.502600:0
0.752667,0.513208,0.891200,0.172273,0.950950,0.963050,0.495900,0.504200:0
0.734667,0.533962,0.766700,0.383357,0.161010,0.269600,0.517200,0.488700:8
0.736333,0.567925,0.740200,0.274148,0.296080,0.372300,0.542000,0.460000:8
0.797333,0.511321,0.223800,0.321555,0.868200,1.000000,0.537200,0.469500:0
0.694667,0.524528,0.888900,0.520802,1.000000,1.000000,0.566800,0.442700:8
0.674000,0.475472,0.286700,0.209713,0.805300,0.648550,0.492000,0.512100:1
0.529000,0.537736,1.000000,0.090143,0.265020,0.408850,0.528400,0.475700:0
0.692000,0.521698,0.678700,0.106810,1.000000,1.000000,0.532000,0.470600:0
0.407667,0.495283,0.314000,0.177520,0.692330,0.786100,0.534000,0.468000:1
0.580000,0.556604,0.585800,0.452103,0.705280,0.876000,0.546300,0.458600:8
0.382667,0.483962,0.469300,0.334892,0.964490,0.829550,0.540100,0.464900:8
0.928333,0.506604,0.567600,0.998000,0.598800,0.747650,0.498500,0.502800:0
1.000000,0.521698,1.000000,0.130283,0.367400,0.483600,0.468800,0.534000:0
0.397000,0.454717,0.132000,0.084308,0.065760,0.119400,0.586100,0.470000:0
0.456667,0.472642,0.286500,0.108062,0.226930,0.267400,0.507300,0.496000:1
0.658333,0.559434,0.625300,0.088728,0.186330,0.304800,0.552000,0.461500:8
0.563667,0.558491,0.585200,0.152227,0.630220,0.786900,0.572400,0.437700:8
0.494667,0.484906,0.286900,0.167913,0.584340,0.598400,0.522000,0.484700:1
1.000000,0.501887,0.251200,0.141638,0.050990,0.102350,0.498900,0.503600:0
0.965000,0.494340,0.594900,0.817945,0.588920,0.630350,0.476600,0.530700:0
0.521667,0.496226,0.538900,1.000000,1.000000,1.000000,0.519800,0.488900:0
0.528667,0.503774,0.549500,0.457905,0.192320,0.298050,0.516700,0.483600:0
0.631000,0.526415,0.253700,0.464745,0.418270,0.646150,0.559400,0.449200:8
0.934000,0.473585,0.339600,0.709805,0.511060,0.560200,0.494400,0.510000:0
0.699333,0.590566,0.518300,0.210040,0.516700,0.482050,0.572600,0.436700:8
0.628667,0.556604,0.438000,0.254603,0.244420,0.288900,0.515700,0.486700:8
0.558000,0.640566,0.292700,0.126620,0.547000,0.498900,0.593900,0.415200:6
0.598000,0.544340,0.390400,0.090553,0.385760,0.627500,0.555000,0.452000:2
0.751000,0.535849,0.902900,0.742707,0.757560,0.960250,0.524800,0.478300:8
0.618667,0.526415,0.227800,1.000000,1.000000,1.000000,0.560700,0.443700:0
0.418667,0.557547,0.263500,0.304248,0.931000,1.000000,0.576900,0.426500:0
0.605667,0.486792,0.271400,0.897208,1.000000,0.951450,0.518500,0.486100:0
0.536333,0.489623,0.358800,1.000000,1.000000,1.000000,0.524300,0.479900:0
0.566333,0.523585,1.000000,0.399772,0.719590,0.833350,0.532400,0.471900:2
0.639000,0.526415,0.251300,0.242540,1.000000,1.000000,0.532200,0.469400:0
0.546000,0.519811,0.413700,0.442525,0.876200,0.992950,0.536000,0.467900:0
0.330667,0.523585,0.227900,0.472127,0.708190,0.813850,0.550600,0.450700:0
0.503667,0.539623,0.469000,0.157965,0.227470,0.371000,0.569100,0.434500:8
0.650667,0.485849,0.225500,0.390692,0.632920,0.587450,0.529800,0.474900:0
0.730000,0.610377,0.814600,0.395092,0.474110,0.845250,0.575400,0.428600:8
0.544333,0.462264,0.209000,0.271750,0.228270,0.295700,0.512800,0.492500:0
0.808667,0.613208,0.625900,0.102795,0.635270,0.953700,0.568200,0.440900:8
0.881000,0.664151,0.274600,0.037775,0.403440,0.671100,0.608800,0.402200:8
0.543000,0.487736,0.277200,1.000000,0.774180,0.737650,0.502400,0.498900:0
0.523667,0.558491,0.271200,0.309667,0.037160,0.088850,0.560800,0.445600:0
0.508667,0.536792,0.363700,0.230333,0.027640,0.065650,0.540900,0.464200:0
0.529000,0.497170,0.381500,0.874075,1.000000,1.000000,0.524400,0.479500:0
0.763667,0.591509,1.000000,1.000000,1.000000,1.000000,0.581100,0.424600:8
0.523333,0.509434,0.264300,0.293945,0.687830,0.782500,0.538500,0.464500:0
0.522667,0.500943,0.344800,0.382065,1.000000,1.000000,0.515500,0.492500:0
0.919333,0.564151,0.680400,0.085885,0.736900,0.896450,0.535600,0.474000:8
0.419333,0.498113,0.606200,0.520350,0.624420,0.662450,0.536100,0.465600:8
0.490333,0.571698,1.000000,0.406750,0.048810,0.117400,0.556400,0.447200:0
0.636333,0.506604,0.349600,0.419555,0.981760,0.920650,0.523400,0.480200:1
0.655333,0.512264,0.350900,0.400190,1.000000,0.986100,0.522800,0.481200:1
0.623667,0.511321,0.639500,1.000000,0.903620,0.876000,0.529700,0.476700:0
0.578333,0.488679,0.341400,1.000000,0.952140,0.875050,0.511800,0.492800:0
0.637333,0.552830,0.877600,0.629875,0.604680,0.873300,0.582800,0.428600:8
0.720667,0.495283,0.401600,0.509857,0.856560,0.851050,0.492000,0.511600:0
0.722333,0.541509,0.697100,0.450913,0.568150,0.839650,0.545700,0.457700:2
0.869667,0.491509,0.300600,0.653697,0.666770,0.595950,0.489400,0.514400:0
0.472667,0.492453,0.276400,0.473087,0.879940,0.812600,0.523200,0.480100:0
0.555333,0.484906,0.373800,0.666612,0.119990,0.187550,0.497500,0.505200:0
0.733667,0.506604,0.499100,0.198452,0.333400,0.423550,0.479900,0.520800:0
0.666667,0.518868,0.814600,0.163420,0.264740,0.351800,0.493500,0.507600:0
0.787667,0.493396,0.273100,0.290882,0.366510,0.443350,0.527100,0.478800:0
0.796333,0.506604,0.255400,0.155557,0.653340,0.768700,0.526400,0.474600:0
0.650667,0.487736,0.304500,0.319172,0.746860,0.676150,0.500900,0.501000:0
0.408000,0.486792,0.328500,0.556917,0.601470,0.666950,0.534400,0.469300:0
0.639667,0.540566,0.526400,0.204460,0.564310,0.684400,0.543700,0.464400:3
0.449000,0.501887,1.000000,0.193272,0.313100,0.380750,0.512500,0.491800:8
0.530333,0.469811,0.218100,0.409250,0.294660,0.326350,0.492000,0.511000:0
0.490333,0.504717,0.307700,0.279275,0.670260,0.794200,0.552700,0.452300:0
0.466333,0.484906,1.000000,0.323235,0.717580,0.643300,0.479300,0.525900:8
0.701000,0.495283,0.311000,0.235013,1.000000,1.000000,0.500300,0.505700:0
0.878333,0.600000,0.861700,0.182085,0.644580,0.809350,0.583100,0.425100:3
0.572333,0.484906,0.308500,0.422633,1.000000,0.810650,0.498100,0.505200:8
0.523000,0.486792,0.315500,1.000000,1.000000,0.930800,0.506300,0.494500:0
0.650000,0.542453,0.404500,0.421197,0.429620,0.665700,0.545600,0.458400:0
0.634667,0.531132,0.990200,0.192150,0.484220,0.675400,0.523600,0.482500:0
0.594333,0.516981,0.309000,0.564492,1.000000,1.000000,0.542400,0.461200:0
0.445000,0.487736,0.226900,0.258282,0.898820,0.854050,0.541900,0.462000:0
0.629333,0.554717,0.486500,0.137930,0.819300,1.000000,0.553000,0.447200:0
0.518667,0.490566,0.431400,1.000000,1.000000,1.000000,0.532000,0.469500:0
0.712333,0.522642,0.709900,0.147905,0.532460,0.648850,0.544500,0.459200:3
0.664667,0.499057,0.263400,0.319917,0.806190,0.758200,0.518200,0.484400:0
0.711333,0.568868,1.000000,0.386612,1.000000,0.785950,0.556300,0.454600:4
0.539333,0.565094,0.379800,0.243488,1.000000,1.000000,0.604000,0.401500:4
0.747667,0.626415,0.409900,0.305232,0.805810,0.853300,0.592600,0.415300:4
0.642333,0.575472,0.384400,0.090780,0.615490,0.747300,0.591900,0.410700:4
0.599000,0.664151,0.339800,0.191533,0.563110,0.771300,0.643900,0.365700:5
0.795667,0.640566,0.424000,0.272060,0.457060,0.602300,0.611400,0.399900:4
0.557000,0.594340,0.285600,0.102262,0.662660,0.783350,0.590000,0.421600:4
0.697667,0.630189,0.522600,0.708903,1.000000,1.000000,0.616900,0.391100:4
0.690667,0.491509,0.283700,1.000000,0.605690,0.624300,0.503600,0.498500:0
0.598333,0.477358,1.000000,0.280378,0.504680,0.484350,0.501900,0.502800:0
0.655667,0.510377,0.313200,0.308788,0.685510,0.719500,0.509600,0.495500:8
0.674000,0.506604,0.499100,1.000000,0.666850,0.819200,0.519200,0.483300:0
0.416000,0.489623,0.125800,0.503893,0.423270,0.446050,0.575000,0.429100:0
0.721000,0.599057,0.149200,0.122292,0.638360,0.720800,0.588600,0.427000:3
0.630000,0.497170,0.333500,0.510150,1.000000,1.000000,0.498700,0.503200:0
0.585667,0.573585,0.489600,0.523428,0.219840,0.368100,0.591300,0.415900:8
0.855667,0.570755,0.120700,0.044003,0.282500,0.383600,0.594800,0.414600:4
0.545667,0.486792,0.271200,0.516822,1.000000,0.990400,0.508100,0.496300:0
0.464333,0.498113,0.280500,0.212945,1.000000,1.000000,0.505300,0.496600:0
0.538333,0.481132,0.283400,0.348445,0.439040,0.459500,0.520400,0.483100:1
0.538667,0.467925,0.246600,0.425058,1.000000,0.673300,0.491800,0.509800:1
0.611000,0.499057,0.218600,0.747468,1.000000,1.000000,0.528300,0.475500:1
0.639000,0.466981,0.211600,0.301363,0.614780,0.586400,0.494600,0.508300:1
0.585667,0.476415,0.302400,0.350253,1.000000,0.719000,0.496100,0.511200:1
0.603000,0.478302,0.267400,0.491103,0.766120,0.790450,0.535900,0.474500:1
0.684000,0.578302,0.199500,0.085675,0.195340,0.212150,0.568300,0.442200:3
0.731667,0.629245,0.152300,0.054050,0.129720,0.168450,0.584500,0.425500:3
0.598333,0.577358,0.422100,0.134673,0.226250,0.304750,0.567000,0.439100:3
0.669667,0.599057,0.284900,0.111092,0.386600,0.456000,0.571200,0.432400:3
0.784000,0.601887,0.335400,0.291122,0.646290,0.635800,0.565500,0.441600:6
0.640333,0.648113,0.188700,0.203717,0.525590,0.496900,0.601200,0.403100:6
0.580000,0.537736,0.688700,0.272478,0.621250,0.628100,0.518500,0.486800:6
0.728333,0.598113,0.459800,0.217420,0.704440,0.741100,0.572800,0.432900:6
0.760333,0.546226,0.273300,0.055197,0.056300,0.096350,0.591300,0.417400:6
0.661667,0.647170,0.287500,0.106605,1.000000,1.000000,0.625800,0.409400:6
0.622333,0.533962,0.210200,0.099572,0.083640,0.144950,0.574600,0.434400:6
0.610000,0.617925,0.321900,0.081950,0.162260,0.245650,0.606700,0.401500:3
0.636667,0.543396,0.437000,0.110510,0.232070,0.306600,0.558200,0.447700:3
0.637667,0.588679,0.404500,0.254633,0.458340,0.506650,0.595000,0.412700:6
0.519333,0.557547,0.711300,0.149278,0.438880,0.596250,0.548300,0.456200:6
0.950667,0.573585,0.025000,0.000903,0.005850,0.021500,0.798300,0.225600:2
0.515000,0.550000,1.000000,0.242137,0.799050,0.808500,0.549400,0.452700:4
0.627333,0.545283,0.543000,0.136622,0.598400,0.715000,0.561100,0.443300:3
0.677667,0.549057,0.440800,0.142913,0.360140,0.434450,0.572700,0.434900:3
0.373667,0.506604,0.207800,0.157588,0.425490,0.576000,0.578000,0.423300:0
0.815667,0.544340,0.677100,0.112843,0.108330,0.203550,0.540800,0.464500:4
0.473333,0.501887,0.274100,0.225148,0.378250,0.497700,0.550900,0.453000:0
0.858000,0.483019,0.273300,0.088452,0.419260,0.496450,0.497900,0.502700:0
0.830667,0.480189,0.248300,0.039833,0.019120,0.045750,0.488000,0.515700:0
0.708333,0.486792,0.231100,0.031292,0.015020,0.037700,0.488000,0.516600:0
0.455000,0.496226,0.316000,0.381980,0.389620,0.485500,0.541900,0.459600:0
0.441000,0.537736,0.190600,0.069297,0.133050,0.239050,0.553900,0.448100:0
0.648667,0.691509,1.000000,0.092750,0.022260,0.056000,0.801000,0.230500:3
0.384667,0.509434,1.000000,0.398167,0.071670,0.143200,0.561300,0.443800:0
0.417000,0.503774,1.000000,0.213625,0.051270,0.113200,0.584400,0.421300:0
0.479333,0.683962,1.000000,0.091467,0.027440,0.055550,0.781300,0.250700:3
0.432667,0.485849,1.000000,0.702583,0.168620,0.238250,0.518400,0.484600:0
0.361000,0.516038,1.000000,0.188448,0.146990,0.255850,0.543200,0.458500:0
0.395000,0.494340,1.000000,0.615333,0.110760,0.179750,0.514600,0.486400:0
0.386000,0.503774,1.000000,0.136230,0.065390,0.122750,0.549600,0.456000:0
0.478000,0.567925,0.256100,0.065445,0.011780,0.039250,0.657000,0.353100:0
1.000000,0.458491,0.218200,0.203612,0.036650,0.072050,0.487000,0.521700:1
0.662000,0.587736,0.254700,0.024055,0.004330,0.015550,0.614300,0.394900:0
0.880333,0.550943,0.381500,0.042388,0.007630,0.023450,0.579300,0.424600:0
0.783333,0.451887,0.059600,0.074833,0.013470,0.036150,0.634000,0.377900:7
0.750667,0.536792,1.000000,0.052667,0.009480,0.030500,0.636100,0.409300:0
0.705000,0.508491,0.210000,0.015167,0.002730,0.008850,0.556800,0.450500:0
0.434667,0.545283,0.328100,0.240612,0.043310,0.112350,0.658000,0.353500:8
0.819667,0.553774,1.000000,0.063555,0.011440,0.035250,0.654700,0.398600:0
0.459333,0.495283,0.150300,0.071833,0.012930,0.031800,0.515100,0.486500:0
0.636333,0.520755,0.572400,1.000000,0.484260,0.657100,0.551800,0.448800:8
0.866667,0.538679,0.508800,0.774802,0.743810,0.948700,0.536000,0.466000:0
0.599667,0.526415,1.000000,0.048492,0.061100,0.101750,0.639600,0.378900:3
0.587333,0.461321,0.667800,0.863458,0.621690,0.477600,0.458100,0.542400:8
0.723667,0.488679,0.290100,0.277222,0.299400,0.374500,0.510100,0.492100:1
0.639333,0.504717,0.301100,0.490630,0.529880,0.582800,0.511300,0.490100:0
0.544667,0.495283,0.719300,0.227778,0.041000,0.077950,0.528500,0.475600:1
0.450333,0.485849,0.170400,0.151500,0.027270,0.067650,0.554100,0.447000:0
0.937000,0.477358,0.570000,0.014530,0.014820,0.027100,0.606600,0.398800:0
0.482000,0.485849,0.494400,0.835567,0.250670,0.298750,0.490000,0.510400:0
0.787000,0.539623,0.446300,0.146027,0.166470,0.312200,0.560600,0.456400:4
0.456333,0.490566,0.568100,0.170445,0.030680,0.071350,0.505500,0.503300:3
0.466333,0.495283,0.357200,0.153885,0.120030,0.229550,0.563000,0.461700:4
0.752000,0.483962,0.210800,0.067130,0.036250,0.065700,0.488800,0.519400:3
0.975000,0.511321,0.397100,1.000000,1.000000,1.000000,0.525300,0.482500:8
0.684667,0.460377,0.700500,0.049397,0.038530,0.075200,0.458900,0.543500:0
0.593667,0.501887,0.353100,0.204685,0.110530,0.152100,0.502500,0.507600:3
0.541667,0.586792,0.027400,0.003500,0.001260,0.005350,0.714300,0.317500:4
0.374000,0.550000,0.231000,0.009238,0.019400,0.026000,0.740700,0.294300:3
0.593000,0.471698,0.312500,0.166690,0.070010,0.112400,0.499600,0.501800:0
0.403667,0.641509,0.226000,0.012555,0.002260,0.009950,0.836300,0.181400:8
0.551000,0.512264,0.743400,0.043950,0.139760,0.214100,0.549600,0.458400:3
0.463333,0.568868,0.161000,0.094882,0.096780,0.168200,0.625200,0.384700:3
0.559667,0.470755,0.459200,0.323138,0.445930,0.488050,0.495000,0.508900:0
1.000000,0.429245,0.041800,0.331167,0.059610,0.101950,0.560100,0.455500:0
0.564667,0.557547,1.000000,0.179888,0.032380,0.083400,0.618600,0.391000:8
0.533333,0.555660,0.483300,0.048333,0.008700,0.025800,0.579300,0.432200:3
0.723000,0.484906,0.065600,0.078735,0.127550,0.185900,0.533000,0.468700:1
0.814667,0.529245,0.576500,0.085407,0.046120,0.100950,0.523600,0.478100:0
0.856000,0.466038,0.113900,0.028528,0.049640,0.104600,0.495800,0.507900:3
1.000000,0.472642,1.000000,0.374508,0.471880,0.462700,0.454400,0.545800:0
0.562667,0.531132,0.315700,0.046077,0.102290,0.158350,0.565500,0.439400:3
0.572333,0.536792,0.190800,0.309028,0.222500,0.355450,0.567100,0.435600:0
0.525667,0.471698,0.798300,0.051000,0.018360,0.040800,0.486900,0.518000:0
0.579667,0.567925,0.214400,0.120397,0.187820,0.343500,0.579500,0.428500:0
0.449333,0.465094,0.348600,0.218433,0.262120,0.352050,0.518200,0.486000:0
0.528667,0.516038,0.208900,0.174445,0.094200,0.160400,0.558600,0.448100:6
0.383000,0.496226,0.439100,0.189055,0.068060,0.129450,0.549200,0.458900:0
0.549667,0.478302,0.183300,0.957730,1.000000,1.000000,0.525000,0.477200:0
1.000000,0.545283,0.053800,0.095185,0.108510,0.147150,0.625400,0.377700:3
0.764000,0.496226,0.342900,0.803067,0.481840,0.577300,0.516100,0.489800:0
0.594333,0.583962,0.370500,0.144442,0.467990,0.843950,0.556300,0.451900:8
0.829333,0.554717,0.042800,0.010945,0.001970,0.008100,0.720800,0.289300:0
0.483667,0.486792,0.444000,0.182537,0.098570,0.151800,0.484200,0.518100:1
0.571333,0.490566,0.081800,0.078083,0.018740,0.047150,0.489900,0.516000:4
0.698333,0.488679,1.000000,0.422637,0.278940,0.332750,0.487700,0.515100:0
0.583333,0.556604,0.082700,0.033927,0.101780,0.150400,0.603000,0.411400:8
0.796000,0.487736,0.302000,0.106053,0.375430,0.437650,0.489900,0.519500:3
0.561000,0.496226,1.000000,0.398627,0.502270,0.588250,0.541100,0.459500:0
0.687667,0.530189,0.312600,0.269173,1.000000,1.000000,0.525000,0.477800:0
0.809000,0.522642,0.661300,0.589048,1.000000,1.000000,0.514600,0.487600:0
0.718000,0.494340,0.318400,0.098523,0.218720,0.278350,0.472000,0.532600:0
0.644000,0.514151,0.832000,0.199528,0.215490,0.299400,0.507100,0.500500:8
0.797333,0.384906,0.013400,0.024000,0.011520,0.022600,1.247400,0.123300:8
0.911667,0.533019,0.111000,0.040847,0.029410,0.071950,0.543400,0.461100:0
0.505333,0.485849,0.353800,1.000000,0.474420,0.436950,0.497500,0.503100:0
0.667667,0.470755,0.207800,0.158143,0.474430,0.488500,0.506100,0.498700:1
1.000000,0.533019,0.293100,0.111383,0.628200,0.603850,0.523000,0.488100:3
0.788000,0.523585,0.313700,0.255687,0.521600,0.561850,0.539000,0.474100:8
0.936000,0.477358,0.113700,0.053500,0.028890,0.055450,0.532700,0.468300:1
0.503667,0.507547,0.444000,0.180385,0.173170,0.254200,0.506800,0.498200:0
1.000000,0.533962,0.374200,0.125310,0.736820,0.662350,0.513400,0.488200:8
0.541667,0.495283,0.509400,0.098740,0.159960,0.230100,0.511300,0.490600:1
0.558333,0.517925,1.000000,1.000000,1.000000,1.000000,0.495200,0.507100:0
0.395667,0.487736,1.000000,0.480025,0.748840,0.660400,0.514600,0.485800:0
0.978333,0.463208,0.045700,0.015440,0.020380,0.044450,0.563800,0.458800:0
0.539333,0.508491,0.427400,0.296398,0.871410,0.850350,0.531800,0.469900:0
0.532333,0.480189,0.305600,0.197622,0.177860,0.258800,0.515000,0.486800:0
0.539333,0.496226,0.356100,1.000000,0.268110,0.342250,0.521100,0.480500:0
0.499333,0.488679,0.163700,0.552167,0.265040,0.321300,0.549800,0.452400:0
0.530000,0.493396,0.197900,0.594375,0.285300,0.344950,0.541300,0.461600:0
0.595333,0.494340,0.182700,0.578897,0.277870,0.327650,0.545400,0.457600:0
0.652000,0.466038,0.089100,0.087605,0.157690,0.201250,0.460700,0.543000:1
0.569667,0.486792,0.229100,0.880433,0.264130,0.289100,0.515000,0.487000:0
0.574333,0.486792,0.424600,0.337230,1.000000,0.857200,0.510200,0.494300:0
0.597667,0.495283,0.455900,0.315947,0.777230,0.713100,0.507800,0.494900:0
0.480667,0.474528,0.235600,0.922667,0.221440,0.271650,0.501000,0.502700:0
0.664667,0.473585,0.237800,0.343942,0.350820,0.355800,0.479900,0.523100:0
0.487000,0.472642,0.214000,0.933792,0.224110,0.269000,0.500400,0.504100:0
0.708667,0.487736,0.490300,0.440433,0.264260,0.348400,0.494200,0.509700:0
0.472667,0.474528,0.253600,1.000000,0.264760,0.308750,0.508200,0.494000:0
0.462667,0.481132,0.242100,1.000000,0.251350,0.313050,0.523100,0.479200:0
0.590667,0.512264,0.280700,0.224048,1.000000,1.000000,0.544800,0.463300:0
0.537667,0.481132,0.342500,1.000000,0.340110,0.372200,0.517400,0.485300:0
0.468667,0.483962,0.226200,1.000000,0.247870,0.314900,0.529900,0.472400:0
0.485000,0.450943,0.180500,1.000000,0.250690,0.245350,0.481500,0.519100:0
0.414667,0.475472,0.156700,0.070815,0.038240,0.070550,0.547100,0.455300:1
0.536000,0.496226,0.211600,0.270858,0.438790,0.452750,0.523300,0.479100:0
0.475000,0.454717,0.193400,1.000000,0.250870,0.250500,0.478400,0.522400:0
0.909667,0.497170,0.257700,1.000000,0.417700,0.475550,0.511300,0.491700:0
0.576333,0.500000,0.323400,0.716190,0.300800,0.401800,0.534000,0.471300:0
0.562000,0.518868,0.241100,1.000000,0.241330,0.303100,0.541800,0.459200:0
1.000000,0.500000,0.174600,1.000000,0.222800,0.317050,0.547000,0.466600:0
0.660667,0.522642,0.431100,0.662833,0.914710,0.971650,0.547000,0.456300:0
0.695667,0.498113,0.218200,1.000000,0.258600,0.348450,0.536200,0.471000:0
0.444000,0.504717,0.399900,0.095312,0.303090,0.446150,0.530900,0.470400:0
0.675000,0.525472,0.390100,0.728688,0.655820,0.777650,0.521200,0.479800:4
0.883000,0.481132,0.240300,0.106797,0.173010,0.250600,0.515400,0.495300:1
0.677667,0.551887,0.450000,0.623157,1.000000,1.000000,0.594400,0.409400:8
0.548000,0.523585,0.335900,0.524963,0.283480,0.358850,0.566700,0.435700:0
0.516000,0.485849,0.323800,1.000000,0.747640,0.715300,0.503300,0.499300:0
0.575333,0.481132,0.221300,0.320677,0.346330,0.379550,0.518900,0.483200:0
0.735333,0.496226,0.242400,0.371657,0.379090,0.533050,0.514400,0.490000:0
0.578333,0.505660,0.239300,0.903500,0.216840,0.302250,0.529500,0.474800:0
0.716667,0.498113,0.204300,0.216713,0.559120,0.607650,0.515100,0.500100:0
0.579000,0.494340,0.282800,1.000000,0.241500,0.296700,0.509700,0.490800:0
0.579333,0.525472,0.276300,1.000000,0.246970,0.322950,0.542000,0.458200:0
0.581000,0.487736,0.350500,0.990250,0.237660,0.278800,0.492400,0.511000:0
0.599667,0.512264,0.247800,0.307355,0.829860,0.823150,0.545700,0.463200:0
0.751333,0.486792,0.216200,1.000000,0.344410,0.361700,0.520100,0.481900:0
0.604000,0.488679,0.273400,0.492612,0.266010,0.333700,0.503500,0.497800:0
0.553667,0.488679,0.238500,0.167618,0.311770,0.372700,0.529100,0.472200:0
0.482333,0.509434,0.423700,0.527503,1.000000,1.000000,0.544000,0.459000:0
0.797333,0.498113,0.298000,0.208758,1.000000,0.917100,0.521000,0.485100:0
0.785333,0.491509,0.382200,0.111470,0.187270,0.253450,0.493900,0.508700:1
0.643333,0.488679,0.234800,1.000000,0.274720,0.315700,0.522800,0.478200:0
0.545667,0.494340,0.291000,1.000000,0.270660,0.336450,0.549000,0.455000:0
0.789000,0.469811,0.293700,0.210070,0.630210,0.456200,0.462300,0.545700:0
0.660000,0.551887,0.795000,0.069508,0.254400,0.446650,0.547300,0.457500:8
0.583667,0.489623,0.285400,1.000000,0.240890,0.314300,0.513600,0.491000:0
0.662000,0.484906,0.273500,0.916375,0.219930,0.281050,0.522700,0.480400:0
0.516333,0.519811,0.253200,0.951708,0.228410,0.317700,0.542600,0.460600:0
0.519333,0.497170,0.203600,0.999958,0.239990,0.303850,0.530700,0.472600:0
0.404000,0.489623,0.234500,1.000000,0.249500,0.321600,0.515700,0.486500:0
0.722000,0.593396,1.000000,0.160343,0.971680,1.000000,0.566600,0.447300:4
0.526667,0.566981,0.318700,0.134555,0.290640,0.451450,0.633500,0.388500:6
0.702667,0.504717,0.291800,0.410445,0.369400,0.399200,0.496500,0.509000:0
0.724667,0.501887,0.337300,0.470500,0.366990,0.434500,0.498300,0.505200:0
0.597333,0.491509,0.270800,0.426700,0.384030,0.437400,0.512600,0.490600:0
0.587333,0.477358,0.219900,0.352018,0.380180,0.404400,0.499300,0.504800:0
0.713667,0.494340,0.228800,0.415578,0.374020,0.435900,0.508400,0.495100:0
0.676667,0.470755,0.258900,0.442212,0.397990,0.379250,0.481100,0.522000:0
0.577667,0.473585,0.282300,0.431222,0.388100,0.422700,0.497300,0.509400:0
0.626667,0.493396,0.297400,0.379625,1.000000,0.900400,0.504600,0.498500:0
0.609333,0.492453,0.265300,0.497043,1.000000,0.864050,0.502400,0.499800:0
0.515000,0.494340,0.359800,0.382200,0.343980,0.399650,0.518400,0.483500:0
0.575000,0.493396,0.244800,0.386272,1.000000,1.000000,0.504500,0.499100:0
0.510667,0.490566,0.229300,0.452192,0.352710,0.406850,0.532700,0.471600:0
0.572667,0.483962,0.293100,0.299245,0.341140,0.367700,0.493800,0.510200:0
0.572333,0.483962,0.302100,0.365480,0.372790,0.414600,0.498100,0.505800:0
0.665667,0.481132,0.225100,0.431158,1.000000,0.853300,0.502100,0.501200:0
0.593333,0.485849,0.204500,0.404083,0.387920,0.438250,0.514200,0.490800:0
0.671000,0.480189,0.257300,0.431900,0.388710,0.409900,0.488400,0.514200:0
0.563667,0.473585,0.220900,0.479618,0.402880,0.403600,0.493300,0.509600:0
0.586333,0.488679,0.262700,0.459178,0.385710,0.436900,0.507100,0.494800:0
0.540333,0.484906,0.272600,0.429445,1.000000,0.870600,0.502100,0.499500:0
0.617000,0.483962,0.254500,0.417163,1.000000,0.833450,0.487800,0.513700:0
0.566000,0.493396,0.168300,0.341285,0.348110,0.395300,0.518100,0.484000:0
0.566000,0.483019,0.249400,0.397625,1.000000,0.891550,0.510500,0.491100:0
0.538667,0.486792,0.238600,0.476320,0.371530,0.405650,0.516500,0.490200:0
0.549000,0.483962,0.250100,0.480372,0.374690,0.393800,0.520900,0.485900:0
0.539000,0.484906,0.237800,0.437470,1.000000,0.969950,0.509600,0.493600:0
0.763667,0.498113,0.260700,0.406500,0.317070,0.379000,0.513900,0.489700:0
0.707667,0.497170,0.279600,0.419733,1.000000,0.861800,0.502600,0.501700:0
0.571333,0.485849,0.239500,0.369078,0.332170,0.359100,0.504000,0.498500:0
0.453000,0.478302,0.256000,0.406700,0.366030,0.362050,0.514900,0.494000:0
0.570667,0.480189,0.218100,0.417278,1.000000,0.895400,0.512000,0.491700:0
0.520333,0.490566,0.253600,0.504538,0.393540,0.440900,0.515800,0.486900:0
0.672000,0.479245,0.228000,0.256132,0.368830,0.412600,0.495400,0.506000:0
0.569333,0.477358,0.251700,0.329473,0.375600,0.397800,0.496000,0.505900:0
0.509333,0.473585,0.307900,0.534958,0.385170,0.382050,0.499800,0.502500:0
0.600667,0.488679,0.356700,0.741262,1.000000,0.745550,0.500700,0.502600:0
0.641667,0.478302,0.369300,0.586107,0.984660,0.702950,0.481200,0.522100:0
0.538333,0.483019,0.273700,0.534738,0.737940,0.709700,0.520800,0.481400:0
0.534667,0.488679,0.289300,0.472012,1.000000,0.946800,0.512900,0.491600:0
0.723000,0.474528,0.290400,0.436013,0.627860,0.494300,0.495400,0.506700:0
0.582333,0.494340,0.267100,0.291042,0.139700,0.213500,0.543500,0.465600:0
0.695667,0.502830,0.373100,0.779882,0.655100,0.705000,0.526500,0.478800:0
0.650333,0.513208,0.332500,0.552450,0.662940,0.632900,0.527600,0.474900:0
0.695667,0.481132,0.304800,0.495833,1.000000,0.949900,0.502900,0.501500:0
0.828333,0.480189,0.254800,0.280863,0.943700,0.683500,0.487500,0.513800:0
0.586000,0.492453,0.435400,0.636095,0.877810,0.772450,0.498700,0.507100:0
0.675000,0.501887,0.447200,0.880045,0.792040,0.787050,0.529600,0.472100:0
0.528000,0.479245,0.220000,0.504833,0.393770,0.406000,0.510700,0.491100:0
0.583000,0.484906,0.271600,0.437670,1.000000,0.844700,0.509400,0.494200:0
0.511000,0.474528,0.259500,0.426035,0.741300,0.587700,0.510700,0.492000:0
0.553667,0.500000,0.383900,0.672333,0.927820,0.915250,0.526100,0.479100:0
0.629667,0.475472,0.248700,0.407552,0.391250,0.365900,0.506400,0.499400:0
0.473667,0.472642,0.253400,0.359222,0.387960,0.390400,0.500300,0.500500:0
0.587000,0.500943,0.392000,0.410745,0.369670,0.419050,0.498400,0.504700:0
0.438333,0.504717,0.328600,0.672133,0.604920,0.640700,0.544100,0.461100:0
0.494667,0.475472,0.211500,0.225652,1.000000,0.799400,0.517300,0.483700:0
0.549667,0.505660,0.296100,0.396543,0.547230,0.582600,0.533800,0.467500:0
0.552667,0.494340,0.230300,0.483077,0.376800,0.420500,0.533100,0.470800:0
0.620667,0.472642,0.211300,0.358852,0.387560,0.395650,0.493500,0.513000:0
0.525333,0.485849,0.267900,0.405783,1.000000,0.911650,0.526000,0.482200:0
0.696667,0.495283,0.291200,0.544015,0.718100,0.673550,0.519500,0.483500:0
0.616667,0.486792,0.448100,0.475345,0.399290,0.408950,0.506100,0.496900:0
0.534333,0.511321,0.823600,0.202767,0.425810,0.530400,0.500900,0.500800:4
0.571000,0.466038,0.912300,1.000000,1.000000,1.000000,0.486800,0.514400:0
0.896667,0.521698,1.000000,0.764862,1.000000,1.000000,0.494300,0.512700:0
0.992000,0.548113,1.000000,0.461307,0.691960,0.733150,0.521600,0.481300:0
1.000000,0.486792,0.597200,0.685943,1.000000,1.000000,0.451000,0.564300:0
0.601667,0.495283,0.419500,0.193348,1.000000,0.841800,0.507800,0.498700:0
0.387667,0.484906,0.704900,0.694427,0.374990,0.362250,0.503800,0.500200:8
1.000000,0.488679,0.199700,0.329652,0.870280,0.656800,0.466200,0.533900:0
0.536667,0.503774,0.231300,0.457338,0.932970,0.872650,0.545600,0.457300:0
0.891667,0.499057,0.195800,1.000000,1.000000,1.000000,0.548400,0.456100:0
0.644000,0.463208,0.271300,0.121167,0.036350,0.065800,0.459700,0.545000:1
0.683333,0.493396,0.309400,0.979267,0.587560,0.437150,0.453200,0.547000:0
0.620667,0.481132,0.292500,0.178778,0.032180,0.066450,0.492200,0.508700:0
0.517000,0.470755,0.379100,0.701278,0.126230,0.150550,0.481300,0.519900:2
0.642667,0.526415,0.281800,1.000000,0.471200,0.575300,0.534800,0.467800:0
0.605000,0.543396,0.516900,0.294633,0.176780,0.325300,0.552000,0.449000:0
0.563333,0.541509,0.420900,0.060543,0.069020,0.147450,0.533200,0.468100:3
1.000000,0.453774,0.038500,0.209458,0.100540,0.182600,0.600800,0.405000:0
0.626000,0.527358,0.223800,0.284722,0.051250,0.094750,0.513400,0.487200:8
1.000000,0.441509,0.032600,0.161625,0.077580,0.145250,0.594500,0.410700:0
1.000000,0.454717,0.088800,0.009233,0.013850,0.036000,0.535000,0.487400:0
0.564667,0.531132,0.289900,0.069647,0.100290,0.183650,0.495500,0.506400:0
0.536000,0.596226,0.211900,0.114450,0.137340,0.267750,0.577600,0.431400:0
0.628667,0.569811,0.214000,0.108768,0.117470,0.223800,0.545200,0.466200:0
0.573333,0.515094,0.339100,0.421813,0.404940,0.480200,0.525500,0.475500:0
0.709000,0.535849,0.272100,0.170405,0.143140,0.274600,0.551100,0.456300:0
0.659667,0.474528,0.189000,0.422695,0.152170,0.223900,0.595800,0.413600:0
0.599000,0.519811,0.132900,0.101598,0.207260,0.240700,0.531400,0.471500:3
1.000000,0.422642,1.000000,0.251733,0.075520,0.091000,0.346000,0.656100:0
1.000000,0.404717,0.069800,0.083902,0.085580,0.155950,0.695700,0.421000:8
0.708333,0.544340,0.309000,0.087178,0.146460,0.233550,0.540100,0.468300:6
0.647000,0.500943,0.203800,0.154517,0.092710,0.146500,0.525900,0.478900:0
0.753000,0.523585,0.245300,0.212608,0.255130,0.385250,0.543700,0.462100:0
0.804667,0.483019,0.150300,0.395000,0.071100,0.144150,0.571900,0.453300:0
0.499333,0.490566,1.000000,0.381230,0.182990,0.244200,0.493900,0.510000:0
0.804667,0.483962,0.560600,0.728833,0.218650,0.268400,0.453900,0.552100:8
0.497667,0.499057,1.000000,0.205612,0.037010,0.084150,0.500700,0.508000:8
0.641333,0.486792,1.000000,0.519583,0.187050,0.225700,0.501700,0.507400:0
0.538000,0.486792,0.308500,0.159388,0.028690,0.058750,0.466400,0.535000:0
0.611667,0.462264,0.136100,0.201573,0.217700,0.241400,0.479800,0.522200:1
0.429667,0.490566,0.321400,1.000000,0.292840,0.368750,0.560600,0.442200:0
0.481000,0.484906,0.293500,1.000000,0.283260,0.336400,0.544100,0.458200:0
1.000000,0.450000,0.032900,0.106533,0.031960,0.065200,0.504100,0.499100:0
1.000000,0.556604,0.251800,0.227580,0.286750,0.290200,0.562500,0.444500:3
0.437333,0.570755,0.113500,0.035320,0.025430,0.032500,0.749100,0.293400:3
0.553000,0.528302,0.403500,1.000000,1.000000,1.000000,0.512500,0.488400:8
0.509000,0.491509,0.312100,0.565333,0.101760,0.160350,0.572800,0.432800:0
0.523333,0.529245,0.149100,0.215643,0.181140,0.242350,0.584600,0.425700:0
1.000000,0.477358,0.263800,0.258715,0.698530,0.878700,0.653700,0.360200:4
1.000000,0.454717,0.030000,0.002520,0.010430,0.018650,0.724800,0.351900:4
0.333000,0.483962,0.269600,0.116833,0.021030,0.043950,0.562500,0.439400:0
1.000000,0.468868,0.112800,0.233408,0.280090,0.388900,0.719600,0.300000:4
0.648333,0.664151,0.243100,0.073363,0.242100,0.373850,0.611500,0.395200:6
0.553000,0.512264,0.275000,0.067347,0.238410,0.353400,0.548200,0.455000:0
0.888000,0.600943,0.163600,0.029318,0.114340,0.175950,0.590900,0.429800:3
0.217000,0.449057,0.029700,0.529533,0.158860,0.161600,0.602700,0.557800:3
0.674333,0.496226,0.619700,0.354612,0.510640,0.402700,0.498300,0.504100:3
0.563333,0.528302,0.278500,0.112667,0.175760,0.218800,0.563300,0.451100:7
0.861333,0.506604,0.467300,0.084560,0.390670,0.436400,0.511800,0.494800:4
0.478667,0.550943,0.200100,0.024823,0.117660,0.159750,0.578600,0.423300:1
0.585333,0.513208,0.315800,0.290412,0.696990,0.760250,0.526800,0.473900:0
0.310667,0.533962,0.125900,0.033790,0.796780,0.885850,0.638200,0.375800:4
0.600667,0.517925,0.375300,0.054653,0.200030,0.323450,0.541100,0.464400:0
0.598333,0.541509,0.804100,0.118210,1.000000,1.000000,0.575500,0.429900:4
0.740000,0.653774,0.254200,0.149352,0.555590,0.723150,0.620200,0.392800:4
0.655333,0.508491,0.328800,0.109868,0.276870,0.400300,0.524900,0.483600:8
0.824333,0.501887,0.678600,1.000000,0.686780,0.577800,0.470300,0.529700:0
0.631667,0.489623,0.726800,0.371597,0.691170,0.691600,0.485800,0.517100:0
0.605000,0.484906,0.399700,0.432147,0.207430,0.275600,0.473000,0.528300:0
0.556333,0.514151,1.000000,1.000000,0.775780,0.828650,0.527400,0.475500:0
0.728333,0.495283,0.312400,0.174417,0.020930,0.049400,0.509300,0.493100:0
0.965333,0.652830,0.402500,0.028118,0.150150,0.187000,0.567500,0.437500:6
0.825667,0.528302,0.350100,0.079933,0.398070,0.529600,0.531400,0.475900:3
0.556000,0.539623,0.414200,0.060003,0.187210,0.244150,0.541600,0.461600:3
0.702667,0.605660,0.176000,0.069863,0.163480,0.256400,0.607100,0.410100:5
0.694667,0.608491,0.130400,0.153455,0.616890,0.713700,0.639300,0.372500:3
0.454333,0.524528,0.204600,0.081367,0.214810,0.319400,0.596200,0.415400:7
0.609333,0.539623,0.191700,0.106348,0.274380,0.396000,0.587400,0.421800:7
0.505000,0.540566,0.237200,0.070162,0.252580,0.347600,0.584400,0.418600:7
0.611667,0.536792,0.257600,0.050917,0.219960,0.365150,0.633700,0.376500:7
1.000000,0.514151,1.000000,0.245705,0.840310,0.631650,0.525900,0.477500:7
0.725000,0.530189,0.540600,0.621273,1.000000,1.000000,0.522400,0.480100:0
0.675667,0.518868,0.519300,0.199053,0.716590,0.832200,0.568300,0.439100:8
0.522667,0.593396,0.626500,0.374972,0.517460,0.705600,0.586500,0.420100:4
0.639667,0.559434,0.447200,0.286483,0.825070,1.000000,0.624900,0.380400:4
0.487000,0.590566,0.390500,0.440273,1.000000,1.000000,0.630600,0.378700:8
0.434667,0.529245,0.399600,0.052927,0.181010,0.299800,0.564400,0.441700:2
0.830333,0.524528,0.454900,0.594085,1.000000,1.000000,0.559500,0.450100:8
0.917667,0.554717,0.223000,0.075988,0.305470,0.321050,0.599700,0.411500:8
0.885667,0.534906,0.177900,0.037885,0.368240,0.326750,0.617900,0.407400:8
0.353000,0.500000,0.087400,1.000000,0.564380,0.564350,0.542800,0.458900:0
0.637667,0.507547,0.293400,1.000000,0.194550,0.302600,0.499900,0.503200:0
0.576667,0.600000,0.182300,0.073525,0.599970,0.791600,0.610700,0.402600:4
0.825333,0.568868,0.662200,0.533475,1.000000,1.000000,0.627700,0.383700:4
0.590333,0.509434,0.540800,0.326057,0.567340,0.711200,0.520500,0.487400:0
0.599333,0.523585,0.476900,0.666182,0.879360,1.000000,0.543300,0.460700:0
0.606667,0.523585,0.384200,0.347790,1.000000,1.000000,0.544200,0.459200:0
1.000000,0.533019,0.476700,0.343800,1.000000,1.000000,0.550200,0.455100:8
0.778000,0.472642,0.236500,0.130068,0.343380,0.428400,0.495500,0.509800:0
0.531000,0.522642,0.323000,0.752962,0.993910,1.000000,0.563800,0.442600:0
0.612667,0.484906,0.425300,0.389897,0.374300,0.446950,0.484200,0.516900:0
0.613667,0.528302,0.433700,0.157427,0.255030,0.393100,0.537700,0.468100:8
0.590667,0.503774,0.359700,0.225723,1.000000,1.000000,0.533300,0.470800:0
0.683333,0.508491,0.477800,0.691525,0.539390,0.700300,0.517700,0.486800:0
0.504333,0.580189,0.460400,0.950625,0.912600,1.000000,0.632100,0.377700:8
0.576333,0.531132,0.405100,0.188247,0.372730,0.607300,0.548300,0.459600:0
0.824000,0.633019,0.145600,0.180738,0.151820,0.249250,0.620700,0.405000:3
0.704333,0.611321,0.499300,0.143542,0.068900,0.108850,0.552400,0.450500:6
0.757667,0.535849,0.358800,0.310917,0.074620,0.136750,0.534700,0.467300:4
0.664333,0.567925,0.867300,0.099987,0.071990,0.136150,0.513700,0.491500:6
1.000000,0.583962,0.408200,0.239833,0.057560,0.118700,0.530800,0.472900:4
0.801333,0.560377,0.267200,0.139552,0.787070,1.000000,0.570100,0.435500:8
0.824333,0.478302,0.157600,0.505912,0.455320,0.515750,0.509400,0.500900:0
1.000000,0.466981,0.041200,0.015182,0.041900,0.083850,0.626700,0.378800:0
1.000000,0.506604,0.151000,0.329580,0.494370,0.605900,0.508700,0.495700:0
0.743000,0.485849,0.498200,1.000000,0.473330,0.498450,0.454000,0.548600:0
0.571000,0.471698,0.259800,0.097212,0.542440,0.481650,0.494100,0.507700:0
0.602333,0.631132,0.354700,0.105775,0.349060,0.439900,0.605400,0.408200:6
0.610333,0.614151,0.362000,0.193038,1.000000,1.000000,0.585900,0.420700:4
0.621667,0.657547,0.260100,0.086052,0.609250,0.593800,0.627400,0.387600:6
0.664333,0.500000,0.306500,0.221528,0.624710,0.646600,0.506600,0.495300:0
0.540667,0.498113,0.284500,1.000000,1.000000,1.000000,0.536900,0.463700:0
0.608333,0.503774,0.283000,0.706673,1.000000,1.000000,0.536600,0.469800:0
0.557333,0.476415,0.172000,0.520647,0.249910,0.297250,0.518900,0.483100:0
0.810667,0.494340,0.184500,0.386790,1.000000,1.000000,0.530400,0.471500:0
0.518000,0.482075,0.349200,0.455788,0.902460,0.788500,0.526300,0.475300:0
0.711667,0.522642,0.488500,0.714877,1.000000,1.000000,0.562200,0.440000:0
0.562000,0.482075,0.182700,0.529000,0.253920,0.304200,0.514800,0.487300:0
0.607333,0.520755,0.479200,0.411167,0.863450,1.000000,0.533400,0.478800:8
0.702333,0.497170,0.335500,0.351338,1.000000,1.000000,0.521200,0.483300:0
0.606000,0.487736,0.437900,0.199807,1.000000,0.911200,0.516200,0.492700:0
0.534333,0.458491,0.188300,1.000000,0.253810,0.251000,0.479400,0.521800:0
0.569000,0.496226,0.405600,0.532537,0.287570,0.401900,0.542800,0.464000:0
0.514667,0.496226,0.234300,0.650147,0.312070,0.420850,0.543600,0.461800:0
0.707333,0.507547,0.375800,0.859308,1.000000,0.863650,0.539900,0.460800:0
0.578333,0.512264,0.303800,0.533370,0.288020,0.407850,0.544500,0.460900:0
0.507000,0.499057,0.420100,0.732568,0.966990,0.823200,0.526800,0.475500:0
0.838333,0.545283,0.477100,0.598465,1.000000,1.000000,0.534300,0.472600:0
0.559333,0.472642,0.272600,0.548167,0.657800,0.552650,0.505200,0.496200:0
0.729667,0.495283,0.298800,0.549952,0.692940,0.764000,0.511100,0.491700:0
0.535000,0.486792,0.205400,0.133610,1.000000,0.853850,0.542000,0.461800:0
0.719000,0.526415,0.485700,0.703585,1.000000,1.000000,0.516300,0.486700:0
0.742667,0.505660,0.164100,0.310517,0.726610,0.725850,0.538500,0.464300:0
0.570000,0.477358,0.248300,0.287308,0.448200,0.438100,0.497800,0.508300:1
0.611667,0.492453,0.196700,0.350000,0.483000,0.523850,0.520100,0.483600:0
0.757667,0.529245,0.215200,1.000000,0.244290,0.323050,0.546600,0.453700:0
0.545667,0.458491,0.186000,1.000000,0.251830,0.256900,0.480600,0.521000:0
0.466333,0.490566,0.528900,0.315242,0.548520,0.645350,0.524600,0.477200:0
1.000000,0.485849,0.155800,0.087495,0.797950,0.654350,0.507900,0.497400:0
0.546667,0.473585,0.325500,1.000000,1.000000,0.751500,0.511500,0.492000:0
0.702667,0.494340,0.489700,0.053998,0.793780,0.651950,0.498500,0.508800:0
0.697000,0.509434,0.598500,0.275210,0.643990,0.656950,0.499300,0.503100:0
0.535000,0.486792,0.296000,0.365713,0.636340,0.597600,0.494700,0.508900:1
0.485000,0.500943,0.291200,1.000000,0.270270,0.332800,0.542800,0.459300:0
0.496333,0.451887,0.186400,1.000000,0.251210,0.237300,0.471600,0.529200:0
0.572000,0.496226,0.279300,0.344628,1.000000,1.000000,0.530600,0.472600:0
0.966000,0.479245,0.170500,0.173755,0.823600,0.637050,0.502600,0.503000:0
0.614667,0.509434,0.234100,1.000000,0.261690,0.326800,0.527300,0.476900:0
0.674333,0.500000,0.239200,0.602020,0.288970,0.415800,0.526900,0.481700:0
0.540000,0.474528,0.277300,0.455118,0.655370,0.653800,0.490700,0.513900:0
0.628333,0.509434,0.439000,0.373118,0.156710,0.226750,0.531900,0.470100:0
0.639333,0.476415,0.425400,0.444342,1.000000,1.000000,0.501600,0.501000:0
0.675333,0.495283,0.280600,0.394013,0.283690,0.357800,0.532100,0.476900:0
0.855667,0.503774,0.362500,0.518203,0.279830,0.373150,0.521600,0.483900:0
0.717333,0.496226,0.365200,0.332143,0.139500,0.214550,0.533900,0.467100:0
0.482667,0.509434,0.276900,0.864933,0.259480,0.322850,0.545100,0.456600:0
0.488000,0.521698,0.578400,0.304530,0.401980,0.584450,0.549300,0.452800:0
0.846667,0.507547,0.302000,0.892250,0.214140,0.313350,0.518400,0.482700:0
0.549333,0.503774,0.314500,0.281667,0.388700,0.533300,0.511200,0.491700:8
0.530000,0.505660,0.233600,0.171573,1.000000,0.987700,0.549600,0.453500:0
0.558333,0.499057,0.438400,0.362173,0.608450,0.626400,0.490000,0.512700:0
0.535667,0.499057,0.229800,0.325565,0.703220,0.668300,0.540300,0.461000:1
0.468667,0.490566,0.278800,0.415747,0.773290,0.702200,0.529200,0.473100:1
0.744000,0.528302,0.249700,0.829100,0.248730,0.335950,0.537900,0.462600:0
0.483333,0.478302,0.185800,0.910583,0.218540,0.307850,0.546600,0.455100:0
0.669000,0.523585,0.367900,0.316318,0.607330,0.712450,0.512900,0.490500:8
0.647000,0.499057,0.456100,0.152503,0.750320,0.723450,0.477800,0.522500:0
0.535333,0.449057,0.134400,0.896750,0.215220,0.226950,0.477600,0.523300:0
0.545333,0.478302,0.147200,0.516020,0.247690,0.306450,0.532200,0.470000:0
0.562000,0.483962,0.193300,0.565437,0.271410,0.314300,0.515800,0.487500:0
0.595333,0.477358,0.221300,0.589208,0.282820,0.313650,0.504900,0.496100:0
0.602000,0.483962,0.190800,0.552937,0.265410,0.307800,0.511800,0.489000:0
0.634333,0.485849,0.181300,0.537397,0.257950,0.302250,0.507300,0.493700:0
0.602333,0.481132,0.202300,0.565563,0.271470,0.307650,0.513700,0.487400:0
0.654667,0.482075,0.187600,0.558042,0.267860,0.310350,0.518800,0.482100:0
0.511333,0.478302,0.180200,0.534500,0.256560,0.305550,0.515200,0.485700:0
0.724000,0.481132,0.194300,0.559563,0.268590,0.296200,0.496100,0.504900:0
0.564333,0.481132,0.207700,0.571187,0.274170,0.309350,0.518000,0.482800:0
0.586333,0.483962,0.204700,0.559980,0.268790,0.298500,0.501100,0.499700:0
0.547000,0.478302,0.176000,0.535667,0.257120,0.299800,0.514000,0.486900:0
0.480333,0.480189,0.158000,1.000000,0.246790,0.344550,0.562300,0.439500:0
0.591333,0.480189,0.183100,0.525000,0.252000,0.308350,0.510100,0.491700:0
0.698000,0.481132,0.207700,0.555958,0.266860,0.312900,0.497300,0.504100:0
0.614667,0.475472,0.180100,0.528708,0.253780,0.280100,0.506000,0.495400:0
0.674000,0.466981,0.183000,0.547813,0.262950,0.292850,0.484200,0.517100:0
0.576000,0.471698,0.183400,0.539520,0.258970,0.299450,0.500300,0.501300:0
0.556000,0.476415,0.184100,0.538500,0.258480,0.290350,0.496400,0.505300:0
0.598000,0.477358,0.215700,0.562187,0.269850,0.294350,0.497500,0.504800:0
0.646667,0.475472,0.207300,0.553208,0.265540,0.291550,0.488400,0.512500:0
0.527667,0.474528,0.193400,0.532187,0.255450,0.295350,0.504700,0.498200:0
0.569000,0.473585,0.204700,0.560792,0.269180,0.293900,0.506000,0.495800:0
0.569667,0.469811,0.205100,0.560980,0.269270,0.290350,0.492300,0.509700:0
0.600667,0.477358,0.226400,0.560375,0.268980,0.301950,0.487300,0.514200:0
0.632667,0.474528,0.225600,0.563958,0.270700,0.299500,0.490500,0.511300:0
0.477000,0.472642,0.202500,0.555063,0.266430,0.288500,0.499200,0.502300:0
0.501333,0.476415,0.237300,0.584313,0.280470,0.311200,0.498500,0.502600:0
0.443667,0.477358,0.245300,0.586750,0.281640,0.316700,0.506500,0.495000:0
0.490667,0.468868,0.258300,0.597750,0.286920,0.307500,0.491000,0.510300:0
0.475667,0.468868,0.212900,0.554417,0.266120,0.282150,0.499700,0.501700:0
0.497333,0.468868,0.215400,0.573958,0.275500,0.298350,0.494600,0.506400:0
0.463667,0.467925,0.209400,0.554458,0.266140,0.292450,0.496800,0.504900:0
0.558000,0.463208,0.178200,0.504625,0.242220,0.256300,0.486700,0.514100:0
0.585667,0.461321,0.170000,0.550020,0.264010,0.275200,0.484000,0.517700:0
0.730333,0.462264,0.171500,0.544353,0.261290,0.262800,0.465200,0.536100:0
0.596333,0.460377,0.172800,0.530292,0.254540,0.256400,0.475400,0.525600:0
0.549667,0.465094,0.205000,0.558667,0.268160,0.275450,0.476100,0.524800:0
0.543667,0.467925,0.186900,0.534687,0.256650,0.261000,0.484800,0.516300:0
0.540667,0.466038,0.196000,0.550750,0.264360,0.285800,0.483700,0.517200:0
0.569333,0.462264,0.203000,0.547980,0.263030,0.267750,0.476300,0.524400:0
0.657333,0.500000,0.240900,0.263862,0.823250,0.687850,0.489000,0.512400:0
0.506000,0.500943,0.285100,0.495018,1.000000,1.000000,0.532600,0.471800:0
0.550667,0.480189,0.261400,0.421348,0.808990,0.721550,0.520300,0.482800:0
0.681333,0.482075,0.364400,0.405638,1.000000,0.960650,0.491100,0.511100:0
0.518667,0.489623,0.661700,0.289327,0.885340,0.821750,0.501100,0.501800:0
0.606000,0.498113,0.318500,0.550833,0.297450,0.406300,0.540200,0.466000:0
0.446667,0.484906,1.000000,0.306167,0.257180,0.393450,0.575600,0.450500:0
0.691333,0.485849,0.178200,0.155840,0.252460,0.333850,0.531600,0.476400:0
0.531000,0.499057,0.218400,1.000000,0.290190,0.384600,0.528100,0.475400:0
0.656667,0.514151,0.260200,1.000000,0.255260,0.339150,0.525300,0.476500:0
0.507667,0.494340,0.452000,0.352845,0.635120,0.687250,0.551100,0.451500:0
0.542000,0.501887,0.351200,0.396830,1.000000,1.000000,0.540700,0.462700:0
0.512333,0.449057,0.157700,0.924583,0.221900,0.230800,0.469900,0.531300:0
0.801000,0.500943,0.274400,0.233348,1.000000,0.900250,0.526900,0.478100:0
0.632000,0.500000,0.313100,0.260097,1.000000,1.000000,0.521000,0.481400:0
0.511667,0.529245,0.457300,0.305807,0.587150,0.756700,0.542100,0.460600:8
0.628333,0.520755,0.296300,0.300592,0.883740,0.839000,0.540300,0.464500:0
0.491000,0.470755,0.433000,0.756790,1.000000,0.853800,0.514000,0.486600:0
0.608667,0.507547,0.230900,0.892967,0.267890,0.331500,0.521900,0.480800:0
0.559667,0.495283,0.228600,0.879167,0.263750,0.290750,0.518500,0.485100:0
0.599000,0.510377,0.261300,1.000000,0.246910,0.318100,0.520200,0.482200:0
0.447333,0.484906,0.191000,1.000000,0.248540,0.351350,0.567700,0.433500:0
0.501333,0.484906,0.325600,1.000000,0.246160,0.311050,0.505400,0.495700:0
0.668000,0.505660,0.326200,0.306617,0.183970,0.282600,0.508000,0.495100:0
0.534667,0.489623,0.311000,1.000000,0.253800,0.315300,0.523000,0.479600:0
0.437333,0.477358,0.541900,0.588357,0.247110,0.298950,0.501200,0.501800:0
0.423000,0.479245,0.179300,1.000000,0.253740,0.339400,0.561800,0.439800:0
0.522000,0.480189,0.264900,1.000000,0.442320,0.308000,0.501600,0.500400:0
0.512000,0.484906,0.174300,0.166763,1.000000,0.823450,0.527800,0.473400:0
0.529333,0.508491,0.262700,0.883400,0.265020,0.322100,0.536700,0.465100:0
0.639333,0.475472,0.308900,0.318815,0.516480,0.509250,0.497500,0.506400:0
0.596667,0.491509,0.269800,0.430538,1.000000,0.992950,0.524900,0.476700:0
0.799333,0.495283,0.311400,0.298425,0.393920,0.417500,0.521600,0.479100:0
0.860667,0.509434,0.348400,0.261893,1.000000,1.000000,0.522700,0.482800:0
0.536333,0.490566,0.251400,0.260588,0.594140,0.537050,0.513400,0.488700:0
0.762333,0.586792,0.844700,0.530642,0.413900,0.617300,0.544700,0.461900:8
0.769667,0.475472,0.299700,0.460068,0.800520,0.752600,0.514800,0.494600:0
0.613667,0.512264,0.330500,0.860190,1.000000,1.000000,0.528500,0.474900:0
0.695667,0.519811,0.760100,0.195100,0.409710,0.597300,0.517100,0.488200:0
0.558000,0.488679,0.284700,0.280372,0.370090,0.447900,0.501500,0.500000:0
0.543000,0.512264,0.266800,1.000000,1.000000,1.000000,0.551600,0.455500:0
1.000000,0.423585,0.014200,0.003240,0.027990,0.047000,0.357600,0.644900:0
0.567333,0.490566,0.456600,0.749115,1.000000,1.000000,0.507500,0.493700:0
0.987333,0.519811,0.403100,0.141340,0.220490,0.356850,0.510000,0.492000:0
0.411000,0.507547,0.400300,0.399453,1.000000,0.970750,0.540900,0.460900:0
0.651667,0.505660,0.275400,0.447672,0.913250,1.000000,0.534900,0.469200:0
0.561667,0.500943,0.241700,0.286633,0.773910,0.739050,0.513000,0.490500:0
0.704667,0.499057,0.351900,0.450035,1.000000,1.000000,0.524000,0.479600:0
0.800000,0.550000,0.634400,0.113502,0.898930,0.993150,0.562000,0.446800:8
0.610000,0.489623,0.254700,0.252068,1.000000,1.000000,0.489600,0.512800:0
0.630333,0.481132,0.380400,0.490848,1.000000,0.849800,0.511200,0.496200:0
0.525000,0.486792,0.240700,0.161268,0.396720,0.456550,0.509100,0.493200:0
0.905333,0.501887,0.627700,0.345047,1.000000,0.833700,0.476100,0.528500:0
0.528667,0.485849,0.234100,0.680673,1.000000,1.000000,0.517600,0.483500:0
0.595333,0.488679,1.000000,0.750833,0.765850,0.777550,0.508700,0.493600:0
0.543000,0.503774,0.253000,0.096822,0.801680,0.817350,0.541600,0.464500:0
0.731000,0.550000,0.603700,0.489642,0.793220,0.986650,0.551100,0.452300:8
0.625000,0.492453,0.245300,0.299967,0.737920,0.701200,0.512700,0.489900:0
0.532000,0.492453,0.222700,0.177258,0.925290,0.842150,0.533000,0.468200:0
0.584667,0.500943,0.201000,0.168448,0.646840,0.667200,0.534600,0.468800:0
0.572333,0.491509,0.397100,0.600387,1.000000,0.917250,0.512000,0.490300:0
0.793333,0.510377,1.000000,1.000000,0.500760,0.643000,0.500900,0.500000:0
0.573000,0.499057,0.214700,0.215020,0.761170,0.780300,0.540800,0.464500:0
0.600000,0.522642,0.446700,0.333232,0.819750,0.888800,0.548000,0.452800:0
0.100000,1.000000,0.000600,0.000500,0.000030,0.000150,1.000000,0.000000:0
0.100000,1.000000,0.000600,0.000500,0.000030,0.000150,1.000000,0.000000:0
0.100000,1.000000,0.000600,0.000500,0.000030,0.000150,1.000000,0.000000:0
1.000000,0.563208,0.563300,0.123853,0.542480,0.646550,0.508400,0.493400:8
0.459333,0.626415,0.382800,0.054100,0.155810,0.211900,0.676500,0.338600:6
0.502333,0.637736,0.621400,0.095735,0.212530,0.314450,0.629800,0.385400:6
0.637333,0.561321,0.566800,0.105525,0.335570,0.403250,0.541500,0.465400:3
0.409667,0.493396,0.431100,0.360815,0.801010,0.709550,0.531100,0.470400:0
0.565333,0.474528,0.220400,0.381112,0.823200,0.705850,0.493800,0.515100:0
0.384000,0.466981,0.252600,0.732042,0.351380,0.394000,0.531600,0.474200:0
0.495667,0.499057,0.304500,1.000000,0.781060,0.700750,0.532000,0.469800:0
0.472667,0.484906,0.938300,0.499827,0.749740,0.660250,0.486500,0.513900:0
1.000000,0.513208,1.000000,0.312602,0.525170,0.569400,0.455800,0.550200:0
0.497000,0.506604,0.334300,0.374447,0.561670,0.667200,0.536300,0.465000:0
0.535000,0.486792,0.383500,0.215765,0.375430,0.447050,0.528000,0.475400:1
0.764333,0.491509,0.361000,0.183595,0.407580,0.474850,0.457100,0.546100:0
0.642333,0.520755,0.114300,0.013898,0.305220,0.230800,0.663500,0.388500:3
0.668000,0.521698,0.273900,0.687080,1.000000,1.000000,0.511800,0.491500:0
0.603333,0.507547,0.319800,0.226848,1.000000,0.922400,0.501800,0.500200:1
0.829000,0.650000,0.196000,0.033128,0.240510,0.336850,0.610700,0.405700:4
0.679000,0.654717,0.244300,0.145420,0.523510,0.789800,0.623500,0.384500:6
0.641667,0.610377,0.201400,0.065283,0.642390,0.840850,0.669600,0.358900:6
1.000000,0.563208,0.095700,0.041167,0.061750,0.113950,0.791900,0.221100:4
0.668000,0.598113,0.094500,0.025155,0.104140,0.230050,0.764500,0.274500:6
0.468000,0.530189,0.816500,0.071690,0.593600,0.819750,0.546200,0.458900:2
0.586333,0.502830,0.334800,0.272950,0.605950,0.704250,0.518900,0.483700:0
0.599667,0.509434,0.624100,0.379873,0.569810,0.545350,0.485200,0.517600:3
0.948000,0.492453,0.650300,1.000000,0.540360,0.569250,0.465400,0.541500:1
0.640667,0.546226,0.852300,0.348867,0.523300,0.729900,0.545800,0.458900:3
0.683667,0.472642,0.555000,1.000000,0.833580,0.682200,0.464900,0.536000:3
0.424667,0.473585,0.648400,0.180975,0.640650,0.537600,0.480000,0.525000:3
0.530000,0.474528,0.240000,0.495383,0.980860,0.843650,0.498100,0.505500:0
0.720333,0.536792,0.460500,0.391403,0.563620,0.680100,0.542400,0.464600:5
0.606000,0.548113,0.522400,0.443652,0.612240,0.730800,0.521000,0.480400:4
0.672667,0.522642,0.584200,0.396258,1.000000,1.000000,0.548100,0.456700:0
0.758667,0.504717,0.329400,0.441880,0.662820,0.743500,0.533600,0.469900:0
1.000000,0.535849,1.000000,0.508222,0.365920,0.564900,0.522300,0.483000:0
0.610667,0.501887,0.341100,0.194093,0.722030,0.716500,0.526500,0.478100:0
0.716000,0.509434,0.678700,0.200858,0.494110,0.519700,0.480200,0.520500:0
0.592333,0.518868,0.495500,0.143077,0.394890,0.420100,0.533900,0.472700:4
0.678333,0.506604,0.347100,0.184628,0.531730,0.608750,0.499900,0.500600:0
0.805333,0.568868,0.440400,0.610912,0.623130,0.733200,0.564100,0.444200:8
1.000000,0.633962,0.344500,0.103618,0.254900,0.389400,0.561200,0.444400:4
0.790333,0.500000,0.411400,0.155235,0.363250,0.409850,0.484300,0.515900:2
0.753000,0.570755,0.571500,0.197008,0.898360,0.988350,0.567300,0.435200:8
1.000000,0.471698,0.037600,0.011603,0.023670,0.049450,0.495600,0.514200:0
0.697667,0.489623,0.204800,0.067618,0.085200,0.118950,0.531200,0.481000:8
0.860000,0.536792,0.331100,0.077348,0.264530,0.409200,0.566100,0.444500:2
0.706000,0.527358,0.464300,0.282950,0.509310,0.580300,0.517400,0.487400:3
0.722333,0.616981,0.198400,0.043453,0.276360,0.413500,0.618100,0.398900:8
0.683667,0.502830,0.555000,0.271795,0.424000,0.562650,0.485600,0.516700:0
0.400667,0.505660,0.231500,0.248253,0.655390,0.776700,0.535100,0.466600:0
1.000000,0.418868,0.038600,0.041115,0.078940,0.107850,0.742000,0.309000:7
0.857667,0.654717,0.226500,0.042688,0.568600,0.639100,0.644500,0.368800:6
0.730000,0.509434,1.000000,0.753352,0.813620,0.868300,0.488700,0.517000:8
0.652000,0.489623,0.427800,1.000000,1.000000,1.000000,0.503500,0.500600:0
0.562000,0.482075,0.251000,0.235048,0.239750,0.269250,0.510700,0.489500:1
0.691000,0.483019,0.271800,0.245737,0.176930,0.237950,0.519200,0.482500:1
0.631667,0.506604,0.360900,0.222382,0.453660,0.460250,0.517700,0.483200:1
0.491000,0.476415,0.200400,0.679468,1.000000,0.814850,0.522400,0.480400:1
0.345333,0.482075,0.174100,0.108105,0.629170,0.672700,0.551300,0.453300:0
0.373000,0.483019,0.213500,1.000000,0.557790,0.532850,0.563600,0.438400:0
0.408333,0.507547,0.259900,0.251598,0.407590,0.508800,0.549200,0.451100:0
0.389333,0.500943,0.234700,0.190247,0.308200,0.426900,0.534800,0.467100:0
0.580667,0.482075,0.367300,0.668683,0.842540,0.659600,0.492500,0.509000:0
0.737667,0.505660,0.316600,0.453457,0.734600,0.621150,0.502800,0.498500:0
0.449667,0.491509,0.486100,0.990937,0.772930,0.632600,0.507700,0.492700:0
0.441667,0.516038,0.297800,0.645622,0.426110,0.534950,0.531300,0.472000:0
0.696333,0.549057,0.444800,0.100877,0.447890,0.618150,0.543700,0.462100:6
0.749667,0.493396,0.588600,0.346908,0.228960,0.291250,0.492900,0.512800:8
0.461667,0.485849,0.215100,0.713535,0.599370,0.588400,0.531700,0.472500:0
0.573667,0.504717,0.337000,0.150885,0.751410,0.714050,0.503900,0.497900:0
0.676333,0.504717,0.180400,0.201725,0.907760,0.840900,0.535200,0.467600:0
0.539333,0.492453,0.347200,0.489098,0.792340,0.721450,0.501300,0.500900:0
0.596667,0.484906,0.211800,0.501017,0.631280,0.570400,0.526000,0.476900:0
0.521333,0.478302,0.250100,0.817833,1.000000,0.876200,0.500000,0.506000:1
0.610667,0.487736,0.270900,0.702870,0.759100,0.620750,0.501000,0.504500:0
0.462000,0.483962,0.211600,0.580420,0.800980,0.789500,0.555800,0.456500:0
0.546000,0.610377,0.472000,0.293263,1.000000,1.000000,0.607000,0.400800:8
0.539667,0.499057,0.280200,0.614845,0.553360,0.506900,0.522900,0.480300:0
0.550000,0.481132,0.229300,0.443012,0.372130,0.423650,0.511400,0.494000:0
0.484667,0.492453,0.282800,0.663442,0.796130,0.645050,0.528400,0.474900:0
0.588667,0.495283,0.459200,0.559568,0.570760,0.604450,0.516200,0.489600:0
0.585333,0.489623,0.237000,0.468063,1.000000,0.913550,0.515600,0.486100:0
0.797000,0.483962,0.309600,0.489780,0.734670,0.700650,0.519900,0.492400:0
0.494667,0.483962,0.207600,0.418245,0.376420,0.433100,0.506800,0.495000:0
0.569333,0.483019,0.235400,0.494257,0.385520,0.409950,0.512900,0.488700:0
0.649000,0.490566,0.299900,0.440588,0.396530,0.414100,0.522800,0.484400:0
0.509667,0.472642,0.217200,0.405042,0.388840,0.414700,0.521300,0.484600:0
0.487667,0.469811,0.232100,0.497448,0.388010,0.394150,0.504800,0.500600:0
0.657333,0.497170,0.243400,0.373460,0.380930,0.469250,0.528400,0.478400:0
0.743333,0.500943,0.247200,0.406012,0.365410,0.435100,0.514400,0.492000:0
0.706667,0.505660,0.285600,0.411555,0.370400,0.454150,0.515300,0.490900:0
0.520667,0.483962,0.251000,0.428308,1.000000,0.948400,0.518500,0.485700:0
0.600333,0.486792,0.212500,0.359167,0.366350,0.392300,0.514900,0.487200:0
0.613667,0.484906,0.368100,0.481820,0.375820,0.356350,0.483100,0.518800:0
0.720333,0.474528,0.293500,0.472425,1.000000,0.716100,0.484000,0.517600:0
0.542000,0.488679,0.249800,0.352565,0.486540,0.470100,0.526800,0.478600:0
0.753333,0.484906,0.196500,0.414812,0.373330,0.391250,0.482400,0.519000:0
0.492333,0.489623,0.272500,0.489410,0.381740,0.448400,0.544500,0.458600:0
0.608333,0.476415,0.226600,0.432467,0.389220,0.435050,0.498300,0.505400:0
0.694667,0.487736,0.309000,0.408545,0.367690,0.346600,0.477300,0.524400:0
0.660667,0.467925,0.229400,0.465132,0.390710,0.363950,0.480300,0.521600:0
0.553333,0.479245,0.249100,0.468882,0.393860,0.399550,0.497600,0.504500:0
0.696000,0.553774,0.493800,0.348607,0.292830,0.411000,0.563100,0.445800:8
0.916000,0.569811,0.521800,0.292438,0.614120,0.734700,0.617100,0.391000:4
0.594667,0.555660,0.434100,0.180995,0.640720,0.926750,0.605000,0.405100:4
0.443333,0.511321,0.277700,0.565065,1.000000,1.000000,0.552700,0.448300:0
0.575667,0.486792,0.241100,0.428808,1.000000,1.000000,0.511700,0.490400:0
0.515000,0.478302,0.198200,0.503927,1.000000,0.836050,0.504800,0.497400:0
0.506000,0.488679,0.257300,0.427225,1.000000,0.823000,0.515200,0.487200:0
0.525667,0.483019,0.228600,0.479365,1.000000,0.832150,0.513000,0.489600:0
0.596333,0.482075,0.299700,0.437545,0.393790,0.414050,0.499700,0.503200:0
0.609667,0.498113,0.258700,0.393635,0.377890,0.424000,0.507200,0.494900:0
0.634333,0.483962,0.271700,0.403897,0.387740,0.396300,0.508100,0.493600:0
0.546667,0.493396,0.263100,0.350762,0.484050,0.479300,0.528900,0.475900:0
0.674000,0.511321,0.294500,0.412033,0.370830,0.433850,0.505600,0.497000:0
0.608000,0.483962,0.215100,0.468082,1.000000,0.865400,0.494000,0.507700:0
0.546667,0.467925,0.251100,0.468580,1.000000,0.803150,0.492500,0.509900:0
0.582333,0.484906,0.266100,0.454197,1.000000,0.785200,0.500300,0.503000:0
0.589667,0.485849,0.290700,0.364862,0.788100,0.649000,0.504700,0.497600:0
0.519333,0.484906,0.245400,0.522107,0.344590,0.372650,0.515600,0.486300:0
0.567667,0.485849,0.249200,0.408135,0.391810,0.400450,0.505400,0.498400:0
0.478000,0.490566,0.279900,0.433515,0.598250,0.518700,0.516000,0.488500:0
0.577667,0.487736,0.177400,0.345050,0.476170,0.428850,0.533400,0.473500:0
0.510667,0.484906,0.252700,0.351510,0.379630,0.402450,0.513400,0.491000:0
0.462667,0.491509,0.301600,0.487962,0.380610,0.418300,0.518600,0.484400:0
0.713000,0.490566,0.308300,0.439238,0.553440,0.563000,0.513500,0.489300:0
0.474000,0.498113,0.265800,0.418603,0.527440,0.542950,0.557600,0.448700:0
0.524667,0.499057,0.335800,0.441920,0.662880,0.601100,0.514600,0.488400:0
0.934667,0.542453,0.879300,0.955975,0.745660,0.756300,0.509100,0.494900:8
0.671667,0.504717,0.479500,0.090272,0.146240,0.253100,0.526400,0.482000:8
0.536000,0.567925,0.483700,0.138403,0.099650,0.168450,0.594100,0.414200:8
0.943667,0.565094,0.563400,0.150027,0.396070,0.590200,0.594500,0.409900:8
0.696333,0.549057,0.344100,1.000000,0.251190,0.405400,0.549700,0.451800:0
0.611667,0.506604,0.201200,1.000000,0.153700,0.217700,0.511200,0.490400:0
1.000000,0.516981,1.000000,0.931612,0.167690,0.248400,0.483000,0.520400:0
0.676000,0.512264,0.598800,0.752843,0.722730,0.806450,0.528900,0.473600:0
0.423000,0.525472,1.000000,0.359010,0.366190,0.490900,0.531100,0.469600:0
0.323667,0.514151,0.037800,0.015252,0.061310,0.152350,0.608400,0.414500:0
0.446667,0.514151,0.330500,0.371938,0.424010,0.605600,0.549800,0.451600:0
0.437667,0.510377,1.000000,0.981083,0.117730,0.214500,0.549600,0.453400:0
0.755333,0.571698,1.000000,0.088083,0.010570,0.030950,0.568600,0.439000:0
0.568667,0.533019,0.675700,0.176445,0.031760,0.079850,0.591900,0.412500:0
0.755667,0.513208,0.305800,0.514372,0.678970,0.750900,0.507000,0.493600:0
0.388667,0.495283,1.000000,0.516500,0.092970,0.163600,0.500900,0.500800:0
0.485000,0.491509,1.000000,0.165805,0.059690,0.118800,0.554700,0.447500:0
0.611667,0.506604,1.000000,0.289157,0.294940,0.294400,0.478000,0.525400:3
0.660667,0.493396,1.000000,1.000000,0.323220,0.404500,0.501900,0.500000:0
1.000000,0.472642,0.364400,0.027333,0.003280,0.008800,0.545700,0.457300:0
0.491667,0.539623,1.000000,0.464417,0.055730,0.096700,0.522500,0.488200:6
0.600000,0.659434,0.265000,0.013250,0.001590,0.006500,0.628900,0.389900:3
0.420667,0.449057,0.550600,0.100945,0.018170,0.042200,0.483800,0.530000:0
0.388333,0.521698,0.593300,0.019778,0.003560,0.009350,0.648900,0.365200:0
0.397667,0.495283,1.000000,1.000000,0.826840,0.641750,0.533900,0.466700:0
0.364000,0.483962,0.538900,0.936643,0.393390,0.370850,0.496900,0.503400:0
0.557667,0.483962,0.211700,0.427467,0.384720,0.398400,0.508900,0.494500:0
0.456333,0.492453,0.301000,0.503987,0.393110,0.493450,0.545800,0.462800:0
0.621667,0.497170,0.349400,0.433000,0.363720,0.403650,0.511300,0.496000:0
0.496667,0.486792,0.227400,0.442905,0.372040,0.366000,0.498800,0.503300:0
0.516333,0.481132,0.236700,0.308480,1.000000,0.915750,0.506900,0.495100:0
0.597667,0.483019,0.253900,0.476475,1.000000,0.841050,0.495900,0.506500:0
0.791667,0.507547,0.345000,0.508403,0.366050,0.432300,0.505100,0.498600:0
0.539667,0.490566,0.237300,0.331630,0.358160,0.352200,0.527800,0.475900:0
0.521000,0.484906,0.288600,0.493975,0.385300,0.425350,0.510500,0.490500:0
0.609667,0.502830,0.295500,0.429422,0.386480,0.447300,0.516000,0.490000:0
0.622667,0.476415,0.248100,0.401635,0.385570,0.383700,0.495900,0.505000:0
0.537000,0.481132,0.301700,0.296857,0.391850,0.416200,0.508700,0.493300:0
0.669667,0.478302,0.246700,0.402760,0.386650,0.390350,0.475800,0.525400:0
0.540000,0.493396,0.267600,0.341177,0.368470,0.354400,0.506900,0.495500:0
0.586667,0.481132,0.196700,0.354010,0.382330,0.416750,0.503100,0.498300:0
0.594667,0.513208,0.641300,0.629072,0.528420,0.620550,0.513000,0.488200:0
0.910667,0.506604,0.336000,0.175483,0.726500,0.838150,0.523400,0.486300:0
0.573667,0.478302,0.115500,0.110953,0.479320,0.463800,0.537100,0.464600:0
0.480667,0.473585,0.231700,0.231312,0.527390,0.542000,0.519300,0.482900:0
0.569333,0.478302,0.247400,0.595867,1.000000,0.886400,0.515700,0.486800:0
0.681333,0.491509,0.122900,0.129425,0.504760,0.515500,0.528400,0.476000:0
0.426333,0.484906,0.299800,0.445037,0.480640,0.440300,0.539700,0.463200:0
0.483333,0.482075,0.246100,0.248950,0.492920,0.559550,0.540000,0.461700:0
0.536333,0.482075,0.202300,0.225333,0.473200,0.520650,0.525800,0.476200:0
0.621000,0.466038,0.590400,0.134657,0.282780,0.342150,0.519100,0.483700:0
0.461000,0.500943,0.327600,1.000000,0.651190,0.664800,0.514400,0.488400:0
0.623333,0.488679,0.355100,0.630063,0.491450,0.496750,0.497400,0.505200:0
0.713333,0.580189,0.167500,0.041567,0.414000,0.443750,0.603700,0.431800:5
0.684667,0.608491,0.215700,0.086643,0.379500,0.363900,0.570800,0.440600:5
0.920000,0.637736,0.101700,0.192587,0.485320,0.491850,0.618800,0.420100:1
0.521333,0.472642,1.000000,0.337967,0.304170,0.366300,0.480900,0.519500:0
0.825333,0.572642,0.661000,0.182952,0.614720,0.713750,0.508300,0.493800:5
0.854667,0.519811,0.481600,0.401802,0.385730,0.407900,0.519800,0.485800:8
0.301000,0.510377,0.029000,0.270667,0.016240,0.046300,0.692700,0.330700:1
0.286000,0.527358,0.019200,0.262333,0.015740,0.043500,0.701400,0.306900:1
0.903667,0.492453,0.576800,1.000000,0.835230,0.906200,0.503800,0.506000:2
0.719333,0.578302,0.239900,0.046730,0.089720,0.118900,0.601900,0.423000:3
0.650333,0.545283,1.000000,0.375507,0.585790,0.750750,0.548500,0.455000:0
0.741000,0.548113,0.347800,0.115570,0.228830,0.369300,0.596700,0.412500:4
0.553667,0.516981,0.262800,0.325255,0.292730,0.466350,0.580100,0.423900:0
1.000000,0.583019,1.000000,0.657425,0.433900,0.573300,0.523000,0.488200:8
1.000000,0.426415,0.032500,0.021223,0.044570,0.083000,0.607400,0.398000:0
0.627667,0.505660,0.281200,0.408228,0.465380,0.506150,0.523200,0.478500:0
0.588000,0.511321,0.379900,0.171843,0.515530,0.649150,0.521000,0.482900:0
0.742333,0.514151,0.308500,0.084938,0.137600,0.139850,0.594200,0.445100:3
0.519667,0.518868,0.564200,0.085470,0.230770,0.366000,0.533600,0.477900:0
0.623333,0.478302,0.289600,0.177023,0.297400,0.312250,0.498600,0.504900:1
0.413667,0.530189,0.191800,0.045810,0.057720,0.108800,0.622000,0.416500:1
0.675000,0.423585,0.395200,0.058562,0.161630,0.221850,0.722200,0.286500:0
0.674333,0.539623,0.439500,0.319782,0.498860,0.715600,0.528700,0.474200:0
0.758667,0.537736,0.551500,0.201560,0.338620,0.583350,0.538400,0.466300:0
0.585000,0.603774,0.423800,0.523597,1.000000,1.000000,0.596300,0.409000:8
0.485000,0.500000,0.386800,0.269560,0.355820,0.511950,0.532800,0.474500:0
0.549333,0.542453,0.603400,1.000000,0.415720,0.594950,0.555700,0.451000:6
0.406333,0.506604,0.374200,0.345638,0.248860,0.321850,0.553700,0.447400:0
0.823000,0.586792,0.450700,0.198512,0.166750,0.279650,0.559800,0.447200:6
1.000000,0.581132,1.000000,0.324773,0.701510,0.736150,0.539400,0.467700:1
0.667333,0.557547,0.876300,0.142000,0.306720,0.473700,0.561200,0.443400:8
0.726333,0.550943,0.802200,0.201507,0.338530,0.606950,0.574900,0.430000:2
0.590667,0.627358,0.491000,0.281560,0.743320,0.787800,0.612200,0.392600:4
0.583667,0.575472,0.505700,0.381932,0.504150,0.671750,0.591500,0.411700:0
0.585667,0.553774,0.504700,0.191958,0.322490,0.447300,0.552100,0.454400:4
0.740000,0.633962,0.179000,0.070963,0.336370,0.490300,0.616300,0.411900:6
0.684667,0.637736,0.526500,0.077847,0.434380,0.513850,0.578000,0.440500:6
0.852667,0.583019,0.260700,0.357207,0.535810,0.568000,0.565200,0.451300:6
0.563000,0.551887,0.454000,0.128145,0.469010,0.556200,0.569300,0.438100:3
0.531667,0.478302,0.225200,0.770763,0.554950,0.526150,0.502500,0.497900:0
0.640333,0.504717,0.234800,0.069667,0.062700,0.119750,0.564900,0.442900:1
1.000000,0.594340,1.000000,0.091975,0.535290,0.719300,0.539600,0.469100:8
0.398667,0.501887,0.291000,0.168563,0.080910,0.177000,0.602400,0.410600:0
0.682667,0.603774,0.973800,0.128487,0.185020,0.293850,0.581000,0.424100:4
0.918000,0.477358,0.239200,0.254833,0.214060,0.284850,0.466200,0.538700:0
0.691000,0.504717,0.257000,0.267620,0.465660,0.582300,0.526200,0.476900:6
0.526000,0.575472,0.363500,0.087233,0.052340,0.106200,0.595900,0.413800:2
0.720000,0.532075,0.585000,0.343030,0.226400,0.329000,0.532000,0.472700:8
0.836000,0.599057,0.920500,0.095760,0.879080,0.625000,0.537100,0.467900:6
0.612333,0.511321,0.186300,0.072518,0.304580,0.380600,0.537900,0.465900:2
0.565000,0.480189,0.149400,0.047948,0.046030,0.088350,0.545500,0.463400:1
0.435000,0.476415,0.166600,0.083322,0.074990,0.102650,0.576900,0.437900:3
0.877333,0.555660,0.025100,0.228875,0.054930,0.133800,0.600600,0.410500:0
0.575000,0.496226,0.149900,0.043365,0.236770,0.305600,0.565200,0.457200:4
0.477667,0.483962,0.258900,0.098513,0.313270,0.336900,0.529800,0.475600:3
0.714000,0.505660,0.767700,0.692470,0.706320,0.805500,0.514600,0.488900:0
0.706667,0.529245,0.221800,0.101772,0.366380,0.413500,0.665800,0.358300:3
0.644667,0.500000,0.804000,1.000000,0.996190,0.910000,0.499100,0.503800:0
0.592000,0.578302,0.240800,0.041672,0.215030,0.351250,0.604800,0.404300:8
0.501667,0.501887,0.336400,0.498102,0.537950,0.573450,0.528700,0.477900:0
0.676333,0.506604,0.257800,0.159598,0.277700,0.317250,0.531100,0.474900:4
0.508333,0.500943,0.204200,0.135943,0.261010,0.318650,0.567800,0.440600:1
0.908667,0.589623,0.702500,0.091638,0.285910,0.406950,0.622200,0.392300:4
0.798333,0.583962,0.566300,0.158808,0.495480,0.630400,0.559900,0.448500:8
1.000000,0.533962,0.743600,0.300147,1.000000,1.000000,0.464900,0.536600:4
0.500333,0.559434,0.422800,0.407715,0.171240,0.305450,0.580300,0.427100:8
0.601667,0.521698,0.409900,0.854607,1.000000,1.000000,0.512100,0.497600:8
1.000000,0.439623,0.046200,0.014013,0.074830,0.096050,0.439500,0.567800:4
0.762667,0.551887,0.641000,0.274448,0.263470,0.474400,0.555900,0.452400:3
0.570000,0.488679,0.960200,0.153428,0.423460,0.342450,0.431000,0.570700:3
0.470333,0.466038,0.304100,0.420667,0.050480,0.082700,0.499600,0.501200:1
0.467000,0.539623,0.070400,0.020147,0.166810,0.175450,0.690700,0.332300:3
0.425333,0.506604,0.292600,0.930167,0.837150,0.968550,0.589400,0.427300:0
0.681333,0.503774,0.417200,0.175787,0.453530,0.540500,0.524700,0.480200:0
0.644333,0.489623,0.330300,0.372423,0.580980,0.583350,0.480300,0.524100:0
0.537667,0.546226,0.547200,0.102967,0.914350,0.834600,0.555100,0.450900:3
0.642000,0.559434,1.000000,0.213930,0.551940,0.613550,0.574400,0.432200:8
0.499667,0.482075,0.195700,0.454512,0.381790,0.402100,0.511900,0.490600:0
0.615333,0.488679,0.282500,0.443237,0.824420,0.690500,0.509300,0.494400:0
0.503000,0.547170,0.480300,0.122278,0.374170,0.455950,0.570100,0.433500:3
0.554667,0.540566,1.000000,0.189890,0.330410,0.514050,0.533600,0.466800:0
0.585000,0.502830,0.215800,0.082422,0.573650,0.657900,0.535700,0.465500:0
0.665667,0.501887,0.245400,0.258732,0.481240,0.565250,0.522800,0.479200:0
0.513000,0.509434,1.000000,0.220308,0.449430,0.603650,0.495900,0.508700:0
0.494000,0.524528,0.205700,0.069417,0.016660,0.042950,0.558800,0.446600:0
0.395333,0.505660,0.514100,0.039727,0.026220,0.059350,0.557200,0.447400:2
0.669333,0.520755,0.413000,0.089477,0.037580,0.090500,0.513800,0.490700:0
0.100000,1.000000,0.001100,0.000250,0.000030,0.000150,1.000000,0.000000:0
0.362000,0.475472,0.921400,0.122607,0.470810,0.418650,0.543100,0.458700:0
0.611000,0.504717,0.913900,0.236102,0.254990,0.376650,0.497400,0.503800:0
0.579667,0.480189,0.126500,0.771500,0.046290,0.095000,0.509200,0.493600:0
0.451000,0.514151,0.226600,0.319603,0.249290,0.393700,0.574200,0.429600:0
0.782333,0.494340,0.487600,0.681903,0.490970,0.593600,0.485400,0.518200:0
1.000000,0.465094,0.140700,0.135750,0.342090,0.354350,0.477900,0.526300:0
0.588667,0.528302,0.450800,0.170722,0.440460,0.656800,0.524000,0.479700:0
0.717000,0.497170,0.504500,0.151127,0.335500,0.475100,0.486900,0.514600:0
0.398333,0.509434,0.208100,0.128980,0.371460,0.540250,0.545800,0.459400:0
0.381667,0.485849,0.645800,0.147848,0.301610,0.377700,0.519000,0.482100:0
0.470333,0.496226,0.531400,0.432088,0.492580,0.613350,0.514800,0.485800:0
0.702667,0.595283,0.439200,0.094990,0.763720,0.971250,0.593600,0.416500:3
0.693667,0.499057,0.295200,0.257445,0.139020,0.232950,0.522900,0.478400:0
0.812333,0.548113,0.585600,0.477825,0.630730,0.568350,0.544800,0.460700:8
0.354667,0.503774,1.000000,0.194643,0.572250,0.605000,0.540700,0.459900:0
0.884000,0.549057,0.375000,0.232833,0.055880,0.111400,0.536300,0.469800:2
0.588667,0.487736,0.206200,0.158083,0.037940,0.074500,0.503700,0.496800:1
0.571667,0.477358,0.288600,0.466583,0.111980,0.174400,0.482000,0.527100:1
0.591000,0.592453,0.327800,0.134557,1.000000,1.000000,0.632000,0.384500:3
0.959667,0.538679,0.790000,0.881205,0.687340,0.968250,0.533100,0.472100:0
0.770667,0.533962,1.000000,0.180328,0.811480,1.000000,0.513400,0.489900:0
0.834333,0.474528,0.341600,0.503353,0.513420,0.550150,0.496200,0.510100:0
0.912000,0.519811,0.126700,0.323000,0.019380,0.049200,0.588200,0.428300:0
0.423000,0.494340,0.346300,0.332667,0.558880,0.588100,0.532600,0.473000:1
0.625667,0.504717,0.336300,0.258000,0.541800,0.581350,0.532700,0.473900:0
0.632667,0.513208,0.704100,0.296488,0.266840,0.366700,0.523900,0.479300:3
0.689667,0.573585,0.721200,0.247087,0.400280,0.620300,0.575500,0.430200:8
0.875667,0.534906,1.000000,0.460585,0.967230,1.000000,0.525300,0.477200:8
0.705333,0.541509,0.410700,0.137458,0.197940,0.344300,0.539800,0.466400:6
0.981000,0.611321,0.157600,0.041325,0.101660,0.128250,0.615600,0.412200:6
1.000000,0.642453,0.193000,0.033098,0.158870,0.177400,0.579900,0.436200:6
1.000000,0.777358,0.013900,0.067590,0.239270,0.319750,0.920200,0.108700:8
0.595000,0.509434,0.375200,0.437137,0.288510,0.367050,0.520400,0.483400:0
0.837000,0.514151,0.230800,0.369343,0.775620,0.882200,0.544400,0.458600:0
0.406000,0.477358,0.122900,0.087785,0.036870,0.071550,0.553300,0.454000:0
0.467000,0.467925,0.075500,0.026130,0.014110,0.038700,0.578300,0.434400:0
0.598667,0.491509,0.334100,0.545892,0.753330,0.774150,0.512000,0.489800:0
0.519667,0.506604,0.245200,0.504400,1.000000,1.000000,0.541100,0.459100:0
0.767667,0.497170,0.323600,0.749952,0.629960,0.795400,0.673800,0.369300:4
0.833000,0.492453,0.170900,1.000000,1.000000,1.000000,0.600100,0.459900:0
0.775000,0.489623,1.000000,0.699205,1.000000,0.866250,0.468700,0.538300:0
0.544667,0.483019,0.296400,0.375400,0.112620,0.179500,0.529500,0.474500:0
0.549333,0.500000,0.379500,0.427078,0.486870,0.616650,0.525400,0.477000:0
0.612667,0.487736,0.229800,0.254143,0.655690,0.619600,0.490100,0.511300:0
0.472667,0.482075,0.254600,0.356168,1.000000,1.000000,0.526100,0.482000:0
0.545333,0.488679,0.229700,0.525768,1.000000,0.966050,0.526500,0.476500:0
0.669333,0.489623,0.294900,0.424117,1.000000,0.749200,0.494400,0.507300:0
0.591333,0.476415,0.370600,0.554417,0.399180,0.386350,0.478800,0.523600:0
0.483333,0.472642,0.235900,0.414552,0.397970,0.411150,0.495800,0.507800:0
0.558000,0.485849,0.302900,0.506808,0.395310,0.421050,0.504600,0.497700:0
0.582333,0.490566,0.334500,0.541167,1.000000,0.912700,0.510500,0.491300:0
0.731667,0.509434,0.249500,0.412822,0.371540,0.457400,0.520100,0.483000:0
0.512333,0.515094,0.392800,0.652958,0.156710,0.235200,0.528800,0.474400:0
0.433333,0.481132,0.280100,0.315437,0.397450,0.414800,0.520300,0.482200:0
0.540000,0.503774,0.252100,0.170975,0.133360,0.204700,0.519300,0.481900:0
0.559667,0.476415,0.213900,0.489757,0.382010,0.380150,0.491200,0.511400:0
0.669667,0.507547,0.402800,0.378745,0.772640,0.711950,0.476900,0.523700:0
0.862000,0.533019,0.240700,0.284817,0.341780,0.484800,0.548800,0.461500:0
0.432667,0.508491,0.413900,0.644113,0.850230,0.763200,0.536300,0.464000:0
0.378000,0.488679,0.395400,0.191845,0.310790,0.384250,0.564300,0.438400:0
0.932667,0.508491,0.293300,0.778137,0.513570,0.661600,0.509900,0.497900:0
0.556667,0.456604,0.221500,0.690712,0.911740,0.587600,0.446400,0.554100:0
0.887000,0.552830,0.566500,0.134555,0.193760,0.234050,0.550500,0.457600:4
0.685667,0.580189,0.483900,0.066950,0.253070,0.374150,0.616900,0.392500:5
0.830333,0.542453,0.365500,0.219107,0.368100,0.455850,0.531200,0.483100:3
0.434333,0.533019,1.000000,1.000000,0.650560,0.814100,0.556400,0.446300:0
0.688333,0.517925,1.000000,1.000000,0.890430,0.789850,0.475600,0.535300:8
0.405333,0.515094,1.000000,0.049167,0.008850,0.026800,0.524300,0.479100:0
0.989667,0.452830,1.000000,1.000000,0.234540,0.227050,0.459300,0.543200:0
0.406667,0.499057,1.000000,0.062945,0.011330,0.032050,0.558700,0.443100:0
0.604000,0.565094,1.000000,0.044218,0.034490,0.074600,0.549100,0.454000:8
0.417000,0.488679,1.000000,0.715250,0.171660,0.239350,0.517100,0.486000:0
0.627667,0.493396,1.000000,0.120285,0.050520,0.099250,0.568700,0.437800:0
0.580000,0.516981,0.635700,0.821637,0.542280,0.662400,0.508400,0.494200:0
0.548667,0.472642,0.338700,0.031960,0.452550,0.557050,0.549600,0.469700:0
0.665667,0.524528,0.523600,0.273150,0.327780,0.367500,0.491900,0.509000:3
0.498333,0.504717,0.586700,0.136618,0.286900,0.367400,0.511000,0.492400:5
0.835667,0.480189,0.295400,0.093028,0.385140,0.376300,0.456100,0.545900:4
0.770000,0.499057,0.389000,0.193820,0.755900,0.614650,0.492300,0.509400:8
0.534333,0.490566,0.209200,0.539420,0.809130,0.719250,0.525200,0.476300:0
0.568000,0.494340,0.319500,0.227150,1.000000,1.000000,0.525800,0.477600:0
0.820333,0.484906,0.280300,0.467505,1.000000,0.678450,0.497900,0.507300:0
0.695333,0.506604,0.174600,0.160202,0.903540,0.882150,0.539700,0.462100:0
0.667333,0.498113,0.290500,0.372363,0.245760,0.307400,0.488000,0.515500:0
0.605333,0.498113,0.348600,0.640025,0.998440,0.790700,0.519100,0.483300:0
0.651000,0.475472,0.309000,0.503690,1.000000,0.997550,0.480100,0.523900:0
0.545667,0.484906,0.262300,0.524440,1.000000,1.000000,0.503500,0.500200:0
0.579000,0.487736,0.344700,0.477078,1.000000,1.000000,0.494600,0.507500:0
0.542333,0.498113,0.297800,0.531883,1.000000,1.000000,0.518500,0.483100:0
0.607333,0.471698,0.338400,0.596613,1.000000,1.000000,0.482200,0.522600:0
0.465000,0.480189,0.219000,0.519972,0.935950,0.728300,0.521000,0.480800:0
0.789000,0.622642,0.160000,0.103127,0.340320,0.542100,0.612100,0.395600:8
0.640667,0.528302,0.257800,0.133190,0.055940,0.107700,0.537200,0.473000:8
0.655667,0.485849,0.276800,0.537713,1.000000,0.753650,0.505800,0.497300:0
0.506333,0.487736,0.283500,0.559433,0.839150,0.740100,0.516500,0.487200:0
0.564333,0.486792,0.239900,0.326688,0.607640,0.615250,0.512600,0.492100:0
0.599000,0.473585,0.221500,0.359863,0.367060,0.365800,0.494400,0.508500:0
0.555667,0.486792,0.233000,0.407070,0.635030,0.612150,0.520000,0.485400:0
0.600333,0.496226,0.317000,0.844963,1.000000,0.982100,0.523300,0.481200:0
0.530000,0.488679,0.319800,0.512910,0.800140,0.675100,0.514100,0.488600:0
0.513000,0.485849,0.260000,0.409840,0.590170,0.632350,0.520000,0.482500:0
0.715333,0.555660,0.376600,0.070468,0.241000,0.373800,0.593200,0.415000:2
0.725333,0.515094,0.387500,0.170982,0.194920,0.313850,0.539300,0.463000:8
0.676000,0.558491,0.337600,0.110500,0.072930,0.159800,0.561600,0.444800:1
0.589333,0.484906,0.319600,0.227622,0.409720,0.458900,0.494500,0.508400:0
0.476667,0.494340,0.270200,0.586875,0.422550,0.467700,0.519300,0.489900:0
0.340667,0.498113,0.695600,0.306327,0.477870,0.476900,0.524200,0.476500:8
0.441667,0.489623,0.287300,0.118760,0.178140,0.261150,0.507600,0.497400:0
0.741000,0.541509,0.596600,0.552597,0.862050,0.835200,0.506800,0.501000:4
0.535667,0.496226,0.360900,0.122768,0.662950,0.617600,0.506300,0.494900:0
0.413667,0.509434,0.721200,0.295617,0.478900,0.625600,0.526400,0.474500:0
0.566000,0.530189,0.424300,0.101723,0.573720,0.595900,0.527200,0.480400:3
0.611667,0.516981,0.522300,0.124052,0.119090,0.184950,0.526700,0.476300:1
1.000000,0.564151,0.432700,0.225785,0.568980,0.751200,0.563300,0.453000:3
0.612000,0.578302,0.446000,0.081935,0.432620,0.621800,0.574100,0.432400:1
0.829000,0.616981,0.409600,0.088747,0.244940,0.335600,0.585500,0.424700:6
0.498667,0.498113,0.362300,0.219020,0.538790,0.571400,0.504900,0.496100:0
0.619667,0.480189,0.381300,0.804805,1.000000,0.927600,0.502700,0.497900:0
0.790667,0.526415,0.641600,0.142162,0.290010,0.434350,0.543500,0.461700:2
0.731667,0.541509,0.703800,0.744315,1.000000,1.000000,0.561500,0.444300:0
0.555000,0.486792,0.342000,0.468037,0.252740,0.321400,0.505700,0.496800:0
0.667000,0.501887,0.190500,0.473167,0.255510,0.355700,0.534100,0.473800:0
0.546000,0.500000,0.232200,0.221437,0.983180,0.894600,0.527200,0.475100:0
0.546333,0.517925,0.487100,0.156145,0.637070,0.714550,0.537700,0.469500:0
0.632000,0.616981,0.570300,0.150933,0.226400,0.284050,0.586700,0.426800:6
0.529667,0.495283,0.274100,0.191512,0.160870,0.247250,0.506200,0.496500:0
0.585000,0.590566,0.352800,0.117420,0.718610,0.763200,0.577900,0.429600:3
0.640000,0.552830,0.683700,0.093273,0.391750,0.578550,0.549100,0.454000:3
0.699333,0.432075,0.051200,0.592667,0.320040,0.408200,0.615400,0.394100:0
0.510000,0.492453,0.199800,0.255588,0.812770,0.652800,0.526600,0.474200:0
0.594667,0.474528,0.189800,0.229948,0.179360,0.211250,0.493500,0.508900:1
0.587333,0.513208,0.373300,1.000000,0.616340,0.745350,0.531800,0.475300:0
0.511667,0.506604,0.407100,1.000000,0.375310,0.512600,0.544000,0.466100:0
1.000000,0.491509,0.246100,0.191752,1.000000,0.823950,0.497000,0.509700:0
0.827333,0.516981,0.742200,0.803250,0.771120,0.985500,0.514700,0.488000:0
0.857000,0.530189,0.585900,0.538090,0.903990,1.000000,0.513600,0.494100:0
0.735000,0.493396,0.353000,1.000000,0.895280,0.954150,0.495300,0.510300:0
0.561667,0.504717,0.674300,0.535690,1.000000,1.000000,0.505400,0.498800:0
1.000000,0.509434,1.000000,0.961270,0.461410,0.406850,0.466900,0.539200:4
0.644333,0.504717,0.279000,0.359638,0.625770,0.780250,0.540300,0.472000:0
0.748667,0.524528,0.416300,0.528472,0.951250,1.000000,0.556600,0.462300:0
0.608667,0.517925,0.435600,0.322708,1.000000,1.000000,0.520400,0.482600:0
1.000000,0.524528,0.551600,0.786437,0.613420,0.846400,0.531600,0.474400:0
0.662000,0.498113,0.349600,0.573537,0.619420,0.664050,0.530200,0.474000:0
0.590667,0.509434,0.117600,0.170295,0.306530,0.416750,0.555200,0.467000:0
0.812000,0.518868,0.128800,0.293425,0.352110,0.479750,0.565800,0.442800:0
1.000000,0.446226,0.047200,0.045167,0.046070,0.099900,0.626000,0.396800:0
0.499667,0.516981,0.199700,1.000000,0.862690,0.993000,0.564400,0.440700:0
0.854000,0.506604,1.000000,0.827500,0.397200,0.554450,0.522400,0.478700:0
0.931000,0.469811,0.215800,0.267577,0.770620,0.689950,0.513400,0.501100:0
0.581333,0.516038,0.442900,1.000000,0.441140,0.576450,0.527700,0.478500:0
0.648667,0.506604,0.267300,0.477618,0.802400,0.818450,0.541000,0.460400:0
0.592333,0.507547,0.448200,0.218662,0.432950,0.462450,0.514500,0.488300:0